1
100.000
10000
0.000
0.001
0.029
0.288
0.714
0.728
0.876
1.598
1.668
1.722
1.808
1.960
2.051
2.217
2.230
2.291
2.298
2.467
2.500
2.627
2.761
2.915
2.930
3.036
3.189
3.202
3.246
3.413
3.695
4.138
4.152
4.267
4.319
4.498
4.673
4.943
5.057
5.061
5.280
5.328
5.958
6.022
6.288
6.321
6.662
6.721
6.947
7.065
7.322
7.436
7.605
7.632
8.000
8.136
8.251
8.360
8.431
8.877
9.001
9.305
9.379
9.806
9.856
10.229
10.423
10.790
11.050
11.275
11.728
11.740
11.946
11.955
12.075
12.096
12.172
12.284
12.557
12.623
12.624
12.693
12.710
12.916
12.923
12.947
13.007
13.217
13.318
13.435
13.435
13.448
13.488
13.568
13.569
13.838
14.124
14.529
14.917
14.975
15.088
15.248
15.277
15.314
15.951
15.960
16.652
16.937
17.094
17.316
17.666
17.764
17.812
18.036
18.374
18.475
18.606
18.644
18.812
18.921
19.143
19.475
19.525
19.730
19.962
20.032
20.223
20.372
20.530
20.543
20.594
20.832
20.973
20.974
21.382
21.446
21.666
21.703
21.945
22.197
22.652
22.813
23.022
23.174
23.354
23.428
23.687
23.738
23.751
23.822
24.019
24.352
24.489
24.517
24.570
24.700
24.752
24.793
24.932
25.038
25.160
25.256
25.343
25.546
25.625
25.683
25.848
25.864
26.095
26.486
26.587
26.697
26.812
26.817
26.941
26.994
27.612
27.650
27.702
27.837
28.401
28.474
28.549
28.809
28.818
29.241
29.370
29.487
29.577
29.651
29.653
29.686
29.970
30.084
30.404
31.353
31.359
31.368
31.559
31.593
31.774
32.145
32.573
32.865
33.077
33.115
33.952
34.026
34.118
34.510
34.535
34.594
34.675
34.744
35.077
35.183
35.226
35.323
35.798
35.881
35.886
35.957
36.000
36.105
36.108
36.176
36.432
36.435
36.590
36.962
36.970
37.173
37.798
37.941
38.055
38.219
38.233
38.289
38.595
38.690
38.721
38.965
39.009
39.221
39.254
39.350
39.700
39.878
40.092
40.279
40.512
40.729
40.883
40.923
40.949
40.952
41.341
41.429
41.847
42.186
42.592
42.681
42.786
42.897
43.107
43.466
43.713
44.059
44.177
44.551
44.571
44.648
44.667
44.747
44.748
44.995
45.147
45.153
45.185
45.582
45.589
45.694
45.703
45.833
46.217
46.576
47.015
47.124
47.176
47.249
47.569
47.609
47.932
48.033
48.157
48.477
48.531
48.727
48.776
49.164
49.173
49.283
49.381
49.704
49.869
50.181
50.464
50.471
50.480
50.729
51.067
51.123
51.253
51.394
51.601
51.669
51.909
52.045
52.159
52.189
52.526
52.534
52.556
52.665
52.734
52.760
52.805
52.911
52.969
52.973
52.984
53.167
53.184
53.394
53.983
54.253
54.499
54.519
54.611
54.793
54.831
54.958
55.608
55.652
55.742
55.763
55.844
55.881
55.936
56.302
56.362
56.388
56.732
56.948
57.556
57.740
58.021
58.108
58.161
58.452
58.461
58.622
58.686
58.765
58.821
59.281
59.306
59.452
59.501
59.568
59.677
59.932
60.119
60.205
60.209
60.532
60.758
60.760
60.888
60.921
61.024
61.035
61.288
61.300
61.442
61.468
61.549
62.372
62.819
62.937
63.225
63.496
63.664
63.716
63.952
64.116
64.384
64.443
64.522
64.677
64.837
65.079
65.091
65.242
65.273
65.291
65.349
65.503
65.582
65.648
65.801
66.011
66.218
66.264
66.289
66.435
66.447
66.733
66.792
67.103
67.112
67.240
67.299
67.405
67.577
67.686
67.754
67.860
67.961
68.060
68.220
68.506
68.522
69.169
69.342
69.418
69.613
69.705
69.788
69.827
69.943
70.029
70.463
70.719
70.770
70.839
70.858
70.985
71.021
71.334
71.496
71.934
71.957
72.105
72.721
72.799
73.014
73.283
73.907
74.100
74.102
74.212
75.264
75.278
75.460
75.609
75.722
76.040
76.113
76.183
76.269
76.270
76.273
76.416
76.760
76.794
76.811
76.828
76.843
76.853
76.907
77.369
77.822
78.315
78.469
78.544
78.565
78.736
78.903
79.396
79.479
79.872
80.119
80.152
80.257
80.279
80.369
80.470
80.641
80.890
80.967
81.046
81.093
81.259
82.044
82.091
82.174
82.180
82.279
82.624
82.783
82.952
83.428
83.451
83.647
83.817
84.293
84.357
84.515
85.197
85.739
86.048
86.284
86.371
86.487
86.695
86.997
87.601
87.978
87.997
88.178
88.286
88.301
88.448
88.749
88.839
88.916
89.134
89.775
90.092
90.243
90.563
90.619
90.960
91.102
91.124
91.310
91.319
91.576
91.732
92.037
92.158
92.183
92.322
92.334
92.351
93.054
93.148
93.299
93.329
93.519
93.905
94.247
94.313
94.509
94.609
94.669
94.947
94.958
95.194
95.324
95.633
95.753
96.058
96.064
96.415
96.739
96.928
97.294
97.614
97.690
97.973
97.980
98.097
98.208
98.234
98.581
98.658
98.953
99.146
99.309
99.409
99.541
99.767
99.955
100.066
100.083
100.696
101.505
101.746
102.051
102.111
102.168
102.268
102.318
102.418
102.535
102.763
102.778
102.986
102.990
103.203
103.252
103.313
103.341
103.444
103.839
104.076
104.182
104.300
104.474
104.508
104.583
104.696
104.853
105.165
105.674
105.736
105.817
106.390
106.809
107.575
107.773
107.887
108.221
108.267
108.357
108.697
108.784
108.795
108.800
108.951
108.963
109.097
109.212
109.638
109.645
109.659
110.003
110.033
110.078
110.090
110.117
110.345
110.576
110.810
110.817
111.059
111.069
111.554
111.810
112.052
112.263
112.374
112.434
112.689
112.904
113.310
113.523
113.573
113.717
113.814
113.982
114.113
114.431
114.469
114.953
114.985
115.030
115.196
115.320
115.379
115.386
115.691
115.916
116.084
116.149
116.191
116.430
117.369
117.490
117.492
117.619
117.733
118.574
118.808
119.089
119.286
119.360
119.627
120.096
120.192
120.216
120.304
120.486
120.594
120.907
120.982
121.002
121.294
121.667
121.751
121.762
121.770
121.841
121.935
122.057
122.227
122.369
122.731
122.957
123.029
123.056
123.445
123.962
124.292
124.373
124.379
124.749
124.933
124.997
125.014
125.027
125.045
125.080
125.141
125.645
125.671
126.019
126.214
126.307
126.441
126.487
126.850
127.194
128.436
128.436
128.520
128.780
128.786
128.949
129.045
129.113
129.197
129.957
130.069
130.104
130.942
131.016
131.041
131.204
131.558
131.660
131.720
131.757
131.950
132.121
132.230
132.410
132.725
133.087
133.098
133.177
133.797
133.872
133.910
134.071
134.288
134.532
134.568
134.604
134.770
134.820
135.117
135.161
135.198
135.253
135.556
135.613
135.650
135.691
135.873
135.978
136.648
137.066
137.286
137.382
137.475
137.491
138.087
138.189
138.537
138.870
138.905
138.949
139.012
139.519
139.664
139.908
139.932
140.149
140.536
140.584
140.700
140.789
140.971
141.359
141.486
141.783
141.952
142.534
142.587
142.693
142.735
142.800
142.986
142.995
143.350
143.474
143.735
143.782
143.797
143.954
144.001
144.397
144.525
144.847
145.019
145.212
145.370
145.459
145.671
145.701
145.790
145.945
145.975
145.998
146.089
146.587
147.203
147.225
147.281
147.302
147.519
147.596
147.683
147.796
147.818
147.879
148.052
148.104
148.528
148.604
149.475
149.534
149.838
150.003
150.208
150.316
150.408
150.543
150.555
150.733
150.959
151.086
151.153
151.332
151.438
151.485
151.598
151.664
151.691
151.820
151.856
151.945
152.224
152.289
152.360
152.653
153.003
153.206
153.480
153.507
153.805
154.452
154.474
154.617
154.721
154.725
154.748
154.781
155.324
155.504
155.510
156.403
156.939
156.957
157.132
157.134
157.296
157.349
157.525
157.809
157.874
157.975
158.016
158.040
158.192
158.215
158.403
158.636
158.788
159.161
159.313
159.434
159.664
159.818
160.178
160.441
161.037
161.041
161.068
161.211
161.305
161.763
162.035
162.042
162.066
162.089
162.277
162.457
162.512
162.526
162.993
163.006
163.072
163.141
163.385
163.427
163.777
163.838
164.039
164.165
164.724
164.753
165.265
165.530
165.542
165.723
165.969
166.134
166.346
166.664
166.775
166.809
166.890
167.011
167.218
167.629
167.681
167.690
167.770
168.126
168.132
168.165
168.602
168.813
168.949
168.965
169.157
169.209
169.289
169.344
169.387
169.403
169.417
169.475
169.555
169.575
169.911
169.943
169.958
170.134
170.253
170.325
170.434
170.642
171.367
171.386
171.452
171.498
171.867
171.928
172.099
172.356
172.402
172.408
172.553
172.702
172.713
172.812
172.954
173.064
173.219
173.231
173.387
173.462
173.496
173.545
173.567
173.570
173.610
173.611
173.702
173.733
173.797
173.859
174.139
174.239
174.478
174.673
174.704
175.270
175.366
175.402
175.478
175.991
176.209
176.516
176.622
176.942
176.999
177.149
177.441
177.672
177.760
177.834
178.041
178.090
178.203
178.211
178.328
178.501
178.533
178.677
178.684
178.968
179.121
179.295
179.328
179.404
179.502
179.920
180.120
180.371
181.000
181.094
181.198
181.384
181.948
182.332
182.485
182.621
182.671
182.730
182.870
183.043
183.123
183.184
183.272
183.580
183.793
183.819
183.820
183.886
183.985
184.187
184.248
184.265
184.459
184.578
184.993
185.033
185.140
185.182
185.236
185.260
185.559
185.639
185.657
185.685
185.821
185.961
186.429
186.462
186.618
186.640
186.727
186.946
186.987
187.099
187.180
187.638
187.678
187.990
188.174
188.222
188.407
189.516
189.586
189.621
189.870
190.092
190.122
190.359
190.393
190.614
190.792
191.222
191.628
191.798
191.865
192.118
192.212
192.298
192.374
192.449
192.548
192.677
193.027
193.097
193.324
193.372
193.426
193.686
193.921
194.287
194.293
194.574
194.575
194.670
195.990
196.017
196.325
196.401
196.438
196.465
196.570
196.656
196.712
196.750
197.024
197.101
197.439
197.581
197.911
197.991
198.033
198.160
198.384
199.203
199.486
199.669
199.737
199.754
199.779
199.821
199.907
199.987
199.992
200.001
200.043
200.273
200.279
200.342
200.503
200.535
201.034
201.227
201.325
201.348
201.377
201.530
201.592
201.667
201.829
202.122
202.141
202.328
202.608
202.952
203.038
203.107
203.502
203.763
203.844
204.424
204.501
204.646
204.711
205.207
205.622
205.629
205.717
205.717
205.832
205.918
206.045
206.232
206.681
206.969
206.976
207.125
207.242
207.416
207.858
207.926
208.090
208.143
208.163
208.314
208.372
208.379
208.441
208.645
208.702
208.757
208.827
208.881
208.930
209.040
209.082
209.227
209.234
209.285
209.309
209.343
209.404
209.608
209.613
209.673
209.907
210.064
210.065
210.067
210.073
210.086
210.088
210.265
210.498
210.538
210.756
210.837
211.093
211.173
211.185
211.350
211.507
211.554
211.590
211.636
211.660
211.673
211.787
212.048
212.071
212.262
212.467
212.498
212.590
213.277
213.305
213.500
213.624
213.940
213.976
214.230
214.289
214.326
214.374
214.617
214.642
214.642
214.781
214.930
215.166
215.490
215.587
215.873
215.912
216.343
216.696
217.037
217.549
217.951
218.013
218.130
219.075
219.348
219.811
220.210
220.276
220.365
220.369
220.499
220.517
221.143
221.380
221.426
221.486
221.681
221.682
222.974
223.009
223.059
223.278
223.358
223.598
223.621
224.091
224.095
224.490
224.800
224.899
225.215
225.219
225.226
225.308
225.351
225.508
225.550
225.736
225.927
225.929
226.150
226.271
226.394
226.509
226.559
226.613
226.971
227.116
227.282
227.318
227.628
227.691
228.143
228.412
228.585
228.700
228.988
229.104
229.343
229.372
229.836
229.885
229.971
230.154
230.252
230.457
230.481
230.538
230.662
230.748
230.763
230.813
230.830
230.859
230.918
230.958
231.151
231.643
231.870
231.904
232.362
232.531
232.997
233.211
233.230
233.605
233.707
233.788
233.830
233.843
234.087
234.114
234.154
234.434
234.577
234.640
234.765
235.064
235.084
235.240
235.571
235.876
236.363
236.584
236.642
236.706
237.044
237.105
237.457
237.697
237.759
237.970
238.107
238.160
238.772
238.800
238.849
239.109
239.160
239.239
239.370
239.412
239.785
239.924
239.961
240.005
240.291
240.636
241.610
241.640
242.238
242.504
242.549
242.645
242.693
242.895
243.091
243.229
243.271
243.528
243.619
243.690
243.743
244.039
244.627
244.703
245.093
245.140
245.356
245.860
245.871
246.101
246.131
246.522
246.641
246.655
246.674
246.806
246.859
247.015
247.372
247.531
247.770
248.144
248.788
249.034
249.051
249.292
250.001
250.156
250.452
250.585
250.865
251.748
252.159
252.412
252.414
252.602
253.051
253.754
253.829
253.894
253.918
254.127
254.316
254.355
254.551
254.566
254.632
254.788
255.040
255.478
255.769
255.880
255.983
256.222
256.227
256.286
256.685
256.814
257.065
257.440
257.501
257.896
258.144
258.795
259.034
259.154
259.422
259.612
259.856
259.897
259.987
260.171
260.217
260.721
261.144
261.417
261.447
262.010
262.220
262.599
262.780
262.918
263.163
263.371
263.659
263.680
263.684
264.007
264.111
264.271
264.303
264.577
264.814
264.837
265.284
265.420
265.508
265.575
265.600
265.790
266.039
266.061
266.064
266.508
266.538
266.672
266.867
266.972
267.002
267.006
267.085
267.151
267.310
267.593
267.671
267.701
267.972
268.031
268.087
268.308
268.487
269.290
269.383
269.633
269.676
269.786
270.008
270.032
270.153
270.385
271.050
271.126
271.285
272.041
272.745
272.778
273.134
273.187
273.302
273.384
273.417
273.680
273.904
273.952
274.260
274.493
274.614
274.754
275.206
275.326
275.369
275.425
275.431
275.505
275.563
275.693
275.713
275.817
276.144
276.199
276.293
276.485
276.751
276.768
276.936
276.974
277.108
277.242
277.302
277.786
277.822
277.827
277.927
278.183
278.192
278.241
278.634
278.696
278.842
278.868
279.048
279.213
279.321
279.417
279.456
279.755
279.809
280.081
280.122
280.127
280.190
280.258
280.360
280.758
281.767
281.902
282.215
282.224
282.260
282.280
282.412
282.450
282.477
282.658
282.858
283.156
283.286
283.402
283.522
283.839
283.872
283.890
284.038
284.302
284.532
284.607
284.860
285.021
285.199
285.388
285.508
285.854
285.902
286.055
286.142
286.228
286.402
286.449
286.680
286.767
287.423
287.659
287.990
287.996
288.290
288.376
288.379
288.708
288.722
288.745
288.860
289.023
289.061
289.223
289.770
290.087
290.811
290.890
291.179
291.515
291.757
291.982
292.012
292.170
292.187
292.319
292.581
292.592
292.650
292.705
292.715
292.716
292.874
293.038
293.093
293.210
293.271
293.323
293.489
293.571
293.617
293.779
293.813
294.170
294.778
294.945
295.412
295.535
295.859
295.948
296.325
296.825
297.304
297.367
297.407
297.459
297.471
298.104
298.239
298.304
298.905
299.021
299.303
299.423
299.784
299.824
299.847
299.884
300.117
300.268
300.578
300.605
300.634
300.688
301.016
301.086
301.349
301.388
301.417
301.818
301.847
301.920
301.952
302.172
302.206
302.322
302.340
302.543
302.658
302.913
303.080
303.404
303.481
304.090
304.223
304.297
304.922
305.090
305.538
305.698
305.713
305.970
306.020
306.642
306.807
306.839
306.915
307.133
307.283
307.372
307.400
307.404
307.657
307.705
307.808
308.112
308.958
308.967
309.175
309.381
309.497
309.769
309.779
309.835
310.235
310.588
310.665
310.885
310.894
310.983
310.992
311.062
311.420
311.945
312.050
312.138
312.191
312.212
312.315
312.619
312.766
312.767
312.775
312.821
313.019
313.025
313.249
313.333
313.508
313.548
313.601
313.660
313.790
314.148
314.192
314.193
314.202
314.270
314.334
314.461
314.965
315.268
315.709
315.749
316.003
316.226
316.780
316.805
316.876
316.996
317.318
317.417
318.033
318.174
318.231
318.439
318.568
318.656
318.692
318.719
318.866
318.957
318.968
318.973
319.313
319.330
319.455
319.823
319.911
320.172
320.433
320.649
320.667
320.750
321.242
321.242
321.488
321.611
321.628
321.787
321.907
321.913
322.018
322.277
322.415
322.437
322.499
322.669
323.113
323.252
323.365
323.451
323.738
323.771
324.296
324.561
324.761
324.832
324.837
325.002
325.221
325.227
325.240
325.309
326.149
326.164
326.251
326.715
326.757
326.765
327.049
327.058
327.165
327.276
327.465
327.809
327.870
328.378
328.393
328.405
328.464
328.570
328.602
328.801
328.836
329.295
329.688
329.910
329.932
329.971
330.111
330.371
330.465
330.647
330.756
331.005
331.311
331.424
331.728
331.989
332.025
332.273
332.317
332.426
332.460
332.765
333.086
333.810
334.233
334.277
334.620
335.210
335.373
335.382
335.430
335.532
335.577
335.749
336.163
336.510
336.858
336.919
337.174
337.227
337.602
337.617
337.762
337.838
337.871
337.932
338.016
338.184
338.405
338.436
338.808
338.874
338.926
338.932
339.062
339.279
339.427
339.987
340.055
340.157
340.349
340.359
340.459
340.625
340.914
340.991
341.366
341.463
341.470
341.524
341.687
341.803
341.984
342.328
342.645
342.786
342.919
343.137
343.253
343.299
343.355
343.376
1661.953
8282.500
9500.211
9500.297
9500.410
9500.417
9500.616
9501.508
9501.694
9501.933
9502.258
9502.414
9502.706
9502.757
9502.880
9502.998
9503.422
9503.512
9503.878
9504.067
9504.700
9504.811
9504.877
9505.064
9505.687
9505.850
9505.965
9506.147
9506.456
9506.527
9506.610
9506.827
9507.176
9507.316
9507.534
9507.760
9508.320
9508.402
9508.423
9508.548
9508.652
9508.734
9508.994
9509.139
9509.181
9509.396
9509.920
9510.019
9510.302
9510.375
9510.411
9510.628
9510.680
9510.872
9510.936
9511.163
9511.540
9511.772
9511.912
9511.914
9512.021
9512.207
9512.314
9512.373
9512.411
9512.774
9512.957
9513.135
9513.278
9513.977
9514.126
9514.531
9514.536
9514.760
9514.821
9514.823
9514.824
9515.615
9516.826
9517.147
9517.295
9517.481
9517.760
9517.787
9518.050
9518.401
9518.594
9518.669
9518.704
9518.797
9518.861
9519.161
9519.177
9519.389
9519.432
9519.475
9519.610
9519.622
9519.803
9519.928
9520.099
9520.151
9520.588
9520.709
9520.823
9520.933
9521.171
9521.463
9521.560
9521.603
9522.049
9522.369
9522.422
9522.423
9522.664
9522.732
9522.739
9523.184
9523.262
9523.455
9523.637
9524.040
9524.071
9524.355
9524.536
9524.974
9525.049
9525.066
9525.174
9525.408
9525.729
9525.864
9526.837
9526.928
9527.027
9527.412
9527.505
9528.107
9528.202
9528.624
9528.653
9528.826
9528.886
9528.900
9528.925
9529.111
9529.112
9529.214
9529.347
9529.584
9529.807
9530.054
9530.353
9530.576
9530.764
9530.888
9530.901
9530.961
9531.259
9531.299
9531.349
9531.396
9531.459
9531.768
9531.908
9532.420
9532.534
9532.749
9532.749
9532.769
9532.770
9533.402
9533.468
9533.518
9533.554
9533.858
9533.981
9534.020
9534.232
9534.256
9534.415
9534.578
9534.602
9534.779
9535.000
9535.000
9535.018
9535.033
9535.278
9535.341
9535.501
9536.009
9536.374
9536.375
9536.378
9536.487
9536.713
9536.766
9536.822
9536.895
9536.995
9537.339
9537.516
9537.519
9537.593
9537.640
9537.808
9537.931
9537.980
9538.003
9538.081
9538.191
9539.546
9539.576
9539.577
9539.625
9539.781
9539.950
9540.107
9540.157
9540.555
9540.805
9540.813
9540.869
9540.929
9540.941
9541.070
9541.231
9541.400
9541.417
9541.511
9542.051
9542.221
9542.315
9542.395
9542.419
9542.578
9542.801
9543.118
9543.677
9543.749
9544.009
9544.267
9544.312
9544.621
9544.640
9544.691
9544.698
9544.866
9544.876
9544.890
9544.990
9545.047
9545.227
9545.240
9545.355
9545.671
9545.682
9545.707
9545.919
9545.984
9546.081
9546.488
9546.639
9546.666
9546.700
9546.896
9546.910
9546.959
9547.244
9547.261
9547.324
9547.488
9547.540
9547.545
9547.696
9547.764
9547.824
9547.843
9547.919
9548.015
9548.028
9548.034
9548.055
9548.556
9548.561
9548.643
9548.722
9548.742
9549.539
9549.807
9550.149
9550.155
9550.431
9550.746
9551.053
9551.179
9551.273
9551.489
9551.884
9551.995
9552.004
9552.081
9552.194
9552.366
9552.544
9552.652
9552.799
9552.885
9552.897
9552.901
9553.209
9553.323
9553.511
9553.681
9553.763
9553.815
9553.875
9553.896
9553.903
9554.022
9554.024
9554.147
9554.392
9554.607
9554.666
9554.666
9554.854
9554.997
9555.072
9555.134
9555.386
9555.390
9555.508
9555.653
9555.676
9555.905
9556.322
9556.861
9557.130
9557.441
9557.508
9557.629
9557.686
9558.005
9558.035
9558.162
9558.565
9558.575
9558.623
9559.010
9559.055
9559.181
9559.387
9559.394
9559.420
9559.426
9559.732
9559.863
9560.024
9560.089
9560.250
9560.331
9560.566
9560.578
9561.756
9562.368
9562.421
9562.473
9562.543
9562.571
9562.740
9562.768
9562.771
9562.856
9563.003
9563.079
9563.190
9563.927
9564.035
9564.228
9564.459
9564.469
9564.532
9564.762
9564.860
9565.121
9565.277
9565.665
9565.834
9566.008
9566.403
9566.608
9566.696
9567.010
9567.031
9567.078
9567.319
9567.441
9567.973
9568.002
9568.166
9568.375
9568.379
9568.423
9568.943
9569.156
9569.191
9569.807
9569.909
9570.070
9570.099
9570.421
9570.598
9570.738
9570.928
9570.969
9571.419
9571.598
9571.937
9571.964
9572.399
9572.483
9572.641
9572.661
9572.769
9573.060
9573.215
9573.582
9573.664
9574.313
9574.360
9574.988
9575.119
9575.125
9575.728
9575.857
9575.859
9576.051
9576.072
9576.462
9576.723
9576.782
9576.863
9577.430
9577.926
9578.015
9578.157
9578.192
9578.328
9578.442
9579.017
9579.117
9579.230
9579.241
9579.522
9579.614
9579.847
9579.893
9579.902
9580.068
9580.154
9580.450
9580.675
9580.807
9580.868
9580.918
9581.101
9581.134
9581.322
9581.583
9581.589
9581.748
9582.244
9582.399
9582.542
9582.756
9583.062
9583.154
9583.202
9583.811
9583.832
9583.851
9583.872
9584.063
9584.072
9584.151
9584.635
9584.741
9584.920
9585.029
9585.231
9585.384
9585.471
9585.875
9585.969
9586.281
9586.316
9586.433
9586.452
9586.706
9587.170
9587.277
9587.452
9587.550
9587.754
9587.809
9587.892
9588.137
9588.147
9588.166
9588.312
9588.408
9588.537
9588.550
9588.619
9588.942
9589.081
9589.353
9589.358
9589.452
9589.524
9589.539
9590.087
9590.219
9590.238
9590.818
9591.169
9591.178
9591.228
9591.536
9591.658
9591.718
9591.839
9591.879
9591.950
9591.976
9592.029
9592.163
9592.242
9592.251
9592.339
9592.460
9592.676
9592.958
9593.090
9593.098
9593.189
9593.386
9593.824
9593.833
9593.916
9594.028
9594.118
9594.227
9594.547
9594.712
9595.463
9595.566
9595.685
9595.748
9596.123
9596.124
9596.188
9596.369
9596.470
9596.830
9597.164
9597.369
9597.431
9597.484
9597.512
9597.538
9597.679
9597.746
9597.910
9598.370
9598.504
9598.576
9598.651
9598.966
9599.247
9599.284
9599.349
9599.519
9599.551
9599.571
9599.888
9600.781
9601.078
9601.316
9601.496
9601.599
9601.837
9601.971
9602.105
9602.181
9602.223
9602.273
9602.390
9602.975
9603.014
9603.085
9603.145
9603.363
9603.427
9603.464
9603.480
9603.506
9603.548
9603.688
9603.695
9603.832
9604.148
9604.296
9604.418
9604.419
9604.601
9604.662
9604.682
9605.152
9605.221
9605.314
9605.839
9605.854
9606.052
9606.372
9606.539
9606.644
9607.037
9607.100
9607.118
9607.249
9607.718
9608.226
9608.482
9608.671
9608.697
9608.768
9608.873
9608.892
9609.031
9609.097
9609.255
9609.260
9609.843
9609.920
9609.924
9610.052
9610.056
9610.234
9610.637
9610.735
9610.828
9610.882
9611.113
9611.192
9611.379
9611.391
9611.417
9611.453
9611.544
9612.028
9612.291
9612.396
9612.455
9612.930
9612.937
9612.967
9613.269
9613.959
9614.076
9614.206
9614.309
9614.319
9614.476
9614.524
9614.613
9614.859
9614.912
9615.132
9615.223
9615.390
9615.434
9615.469
9615.508
9615.574
9615.722
9615.762
9615.951
9616.041
9616.110
9616.157
9616.216
9616.240
9616.318
9616.665
9616.697
9616.962
9617.054
9617.092
9617.236
9617.301
9617.756
9618.156
9618.248
9618.373
9618.437
9618.511
9619.365
9619.414
9619.591
9619.638
9619.842
9620.426
9620.492
9620.697
9621.227
9621.402
9621.644
9621.689
9621.864
9621.893
9621.896
9622.045
9622.262
9622.765
9623.190
9623.208
9623.864
9623.891
9624.055
9624.075
9624.188
9624.225
9624.290
9624.551
9624.595
9625.158
9625.438
9625.478
9625.549
9625.579
9625.613
9626.208
9626.357
9626.370
9626.492
9626.602
9626.824
9626.973
9627.045
9627.336
9627.678
9628.091
9628.353
9628.777
9628.815
9628.913
9629.139
9629.187
9629.242
9629.294
9629.327
9629.430
9629.583
9629.781
9630.096
9630.139
9630.327
9630.585
9630.623
9630.831
9630.979
9631.018
9631.038
9631.668
9631.884
9632.031
9632.245
9632.372
9632.826
9632.910
9632.972
9632.974
9632.997
9633.077
9633.264
9633.436
9633.578
9633.703
9633.703
9634.056
9634.137
9634.189
9634.332
9634.376
9634.462
9634.498
9634.549
9634.641
9634.982
9635.062
9635.352
9635.395
9635.919
9636.241
9636.382
9636.474
9636.548
9636.768
9637.243
9637.263
9637.736
9637.880
9637.934
9638.023
9638.232
9638.303
9638.663
9638.757
9638.771
9639.114
9639.175
9639.496
9640.082
9640.083
9640.121
9640.137
9640.268
9640.461
9640.595
9640.671
9640.721
9641.198
9641.383
9641.504
9641.718
9641.844
9641.850
9642.106
9642.374
9642.381
9642.477
9642.514
9642.515
9642.560
9642.708
9642.835
9642.839
9642.905
9643.222
9643.283
9643.401
9643.524
9643.583
9643.726
9643.833
9644.302
9644.362
9644.461
9644.498
9644.869
9645.117
9645.430
9645.450
9645.847
9645.932
9645.957
9646.400
9646.534
9646.899
9647.283
9647.681
9648.100
9648.292
9648.349
9648.515
9648.795
9648.815
9648.816
9649.184
9649.340
9649.459
9649.640
9649.992
9650.042
9650.381
9650.518
9650.520
9650.523
9650.821
9650.981
9651.174
9651.285
9651.376
9651.465
9651.674
9651.717
9652.408
9653.399
9653.502
9653.669
9653.747
9653.961
9654.037
9654.252
9654.380
9654.408
9654.903
9655.058
9655.225
9655.233
9655.399
9655.526
9655.776
9655.840
9655.916
9656.074
9656.398
9656.505
9656.536
9656.663
9656.891
9657.077
9657.564
9657.797
9657.798
9658.001
9658.187
9658.757
9659.070
9659.189
9659.213
9659.433
9659.449
9659.567
9659.742
9659.935
9660.166
9660.192
9660.202
9660.245
9660.379
9660.543
9660.791
9660.839
9661.119
9661.150
9661.359
9661.951
9661.968
9662.323
9662.642
9662.840
9662.967
9663.484
9663.923
9664.025
9664.057
9664.125
9664.283
9664.342
9664.358
9664.384
9664.638
9664.692
9664.711
9664.718
9664.885
9665.048
9665.467
9665.671
9665.680
9665.827
9666.625
9667.237
9667.277
9667.302
9667.630
9667.699
9667.704
9667.753
9667.796
9668.338
9668.375
9668.523
9668.584
9668.836
9668.881
9669.046
9669.494
9669.774
9669.868
9670.420
9670.453
9670.839
9671.021
9671.411
9671.570
9671.706
9671.790
9671.883
9671.887
9671.923
9672.073
9672.137
9672.323
9672.387
9672.414
9672.418
9672.754
9672.881
9672.882
9673.063
9673.248
9673.343
9673.492
9673.502
9673.570
9673.791
9673.881
9673.944
9674.065
9674.157
9674.388
9674.436
9674.803
9674.839
9674.893
9675.126
9675.233
9675.420
9675.459
9675.462
9675.768
9675.817
9675.837
9676.005
9676.363
9676.418
9676.803
9676.861
9676.893
9676.944
9677.284
9677.762
9677.807
9678.010
9678.155
9678.431
9679.153
9679.205
9679.341
9679.461
9679.519
9679.596
9679.760
9679.845
9680.196
9680.237
9680.466
9680.938
9680.959
9681.761
9682.455
9682.504
9682.522
9682.646
9682.887
9682.964
9683.096
9683.100
9683.111
9683.137
9683.513
9683.836
9683.908
9684.119
9684.144
9684.277
9684.539
9685.157
9685.181
9685.594
9685.807
9685.858
9685.957
9686.100
9686.319
9686.470
9686.838
9686.840
9686.942
9686.994
9687.416
9687.612
9687.675
9687.765
9687.840
9688.249
9688.605
9688.768
9688.848
9688.930
9689.024
9689.043
9689.216
9689.461
9689.543
9689.567
9690.034
9690.110
9690.354
9690.483
9690.622
9690.897
9691.035
9691.397
9691.414
9691.506
9692.488
9692.687
9692.965
9692.991
9693.317
9693.366
9693.519
9693.556
9693.733
9694.062
9694.190
9695.233
9695.267
9695.559
9695.615
9695.734
9695.957
9696.132
9696.681
9697.072
9697.146
9697.172
9697.502
9697.552
9697.589
9697.680
9697.786
9698.284
9698.687
9698.765
9699.424
9699.435
9699.507
9699.516
9699.767
9699.830
9699.934
9700.049
9700.082
9700.462
9700.485
9700.560
9700.597
9700.697
9700.820
9701.005
9701.068
9701.215
9701.500
9701.658
9702.057
9702.076
9702.213
9702.345
9702.662
9702.685
9702.920
9702.930
9703.063
9703.089
9703.261
9703.401
9703.558
9703.724
9704.009
9704.370
9704.484
9704.834
9704.851
9705.179
9705.236
9705.268
9706.056
9706.144
9706.463
9706.692
9707.088
9707.561
9707.587
9707.849
9707.855
9707.969
9707.992
9708.028
9708.040
9708.929
9709.047
9709.106
9709.163
9709.330
9709.335
9709.853
9709.882
9710.159
9710.958
9711.133
9711.281
9711.662
9712.006
9712.138
9712.239
9712.314
9712.351
9712.403
9712.483
9712.489
9712.609
9712.631
9712.720
9713.434
9713.750
9713.817
9713.913
9713.940
9714.166
9714.467
9714.502
9714.690
9714.732
9714.752
9714.925
9715.216
9715.284
9715.329
9715.512
9715.736
9715.758
9716.062
9716.112
9716.342
9716.403
9716.483
9716.521
9716.707
9716.959
9716.966
9717.378
9717.756
9717.907
9718.052
9718.146
9718.300
9718.366
9718.545
9718.603
9718.620
9718.626
9718.703
9718.805
9718.889
9719.337
9719.385
9719.405
9719.868
9719.969
9720.425
9720.633
9720.698
9720.961
9721.079
9721.148
9721.220
9721.529
9721.539
9721.641
9721.664
9721.677
9721.777
9721.899
9721.992
9722.277
9722.280
9722.287
9722.450
9723.315
9723.330
9723.390
9723.451
9723.456
9723.527
9723.562
9723.588
9723.749
9723.854
9723.947
9724.233
9724.314
9724.331
9725.031
9725.607
9725.862
9726.236
9726.355
9726.370
9726.407
9726.493
9726.609
9726.879
9727.069
9727.634
9727.875
9727.898
9727.926
9727.992
9728.129
9728.232
9728.286
9728.407
9728.420
9728.498
9728.734
9728.763
9729.093
9729.180
9729.209
9729.239
9729.588
9730.043
9730.140
9730.175
9730.247
9730.701
9731.546
9731.551
9731.635
9732.006
9732.361
9732.402
9732.427
9732.474
9732.670
9732.811
9733.018
9733.702
9733.730
9733.870
9734.295
9734.489
9734.576
9734.619
9734.657
9734.859
9734.885
9735.375
9735.775
9735.835
9736.026
9736.135
9736.193
9736.226
9736.462
9736.466
9736.525
9736.657
9736.774
9737.686
9737.788
9737.953
9738.182
9738.630
9738.830
9739.079
9739.494
9739.853
9740.030
9740.332
9740.955
9741.083
9741.209
9741.671
9741.832
9741.945
9741.991
9742.005
9742.177
9742.429
9742.560
9742.598
9742.683
9742.686
9742.739
9742.912
9742.973
9743.315
9743.493
9743.533
9743.547
9743.656
9743.804
9743.835
9744.705
9745.060
9745.127
9745.450
9745.554
9745.600
9745.777
9745.972
9746.329
9746.639
9746.916
9747.021
9747.103
9747.329
9747.359
9747.617
9747.671
9747.741
9748.166
9748.264
9748.425
9748.545
9748.778
9748.803
9749.010
9749.067
9749.137
9749.145
9749.626
9749.971
9750.079
9750.243
9750.407
9750.431
9750.486
9750.853
9751.130
9751.527
9752.221
9752.341
9752.724
9753.321
9753.608
9753.744
9754.285
9754.483
9754.594
9754.860
9755.215
9755.985
9756.359
9756.504
9757.073
9757.493
9757.599
9757.986
9758.112
9758.229
9758.304
9758.465
9758.561
9758.685
9758.868
9758.876
9759.259
9759.641
9759.659
9759.801
9760.089
9760.176
9760.403
9760.440
9760.751
9760.780
9761.254
9761.449
9761.533
9761.603
9761.666
9761.878
9761.977
9762.060
9762.183
9762.226
9762.235
9762.268
9762.337
9762.369
9762.446
9762.582
9762.895
9762.961
9763.539
9763.544
9763.930
9763.993
9764.098
9764.431
9764.660
9764.885
9764.893
9765.121
9765.228
9765.274
9766.188
9766.264
9766.434
9766.741
9766.902
9767.176
9767.272
9767.286
9767.402
9767.465
9767.635
9767.794
9767.800
9767.896
9768.294
9768.296
9768.675
9768.677
9768.686
9768.769
9769.096
9769.175
9769.459
9770.048
9770.237
9770.267
9770.285
9770.411
9770.495
9770.565
9770.790
9771.525
9772.330
9772.561
9772.860
9772.872
9773.289
9773.417
9773.560
9773.643
9773.709
9773.746
9774.025
9774.088
9774.154
9774.441
9774.548
9774.695
9774.986
9775.331
9775.504
9775.576
9775.614
9775.842
9776.134
9776.496
9777.019
9777.075
9777.273
9777.430
9777.881
9777.990
9778.007
9778.008
9778.073
9778.243
9778.244
9778.324
9778.671
9778.700
9778.831
9778.867
9778.969
9779.386
9779.441
9779.789
9780.040
9780.084
9780.451
9780.679
9780.805
9780.896
9780.953
9781.115
9781.194
9781.221
9781.687
9781.848
9781.869
9781.988
9782.015
9782.358
9782.393
9782.542
9782.598
9782.795
9782.833
9782.927
9783.195
9783.329
9783.351
9783.544
9783.871
9783.873
9784.014
9784.613
9784.694
9784.775
9785.068
9785.455
9785.481
9785.668
9785.853
9786.048
9786.061
9786.458
9786.870
9787.019
9787.085
9787.219
9787.282
9787.286
9787.312
9787.414
9787.738
9787.750
9787.933
9787.986
9788.118
9788.161
9788.161
9788.222
9788.248
9788.359
9788.558
9788.565
9788.750
9788.842
9788.875
9789.321
9789.413
9789.522
9789.614
9789.685
9789.846
9789.956
9790.292
9790.331
9790.395
9790.603
9791.101
9791.181
9791.217
9791.300
9791.452
9791.710
9791.802
9792.115
9792.433
9792.460
9792.583
9792.654
9792.754
9792.789
9792.905
9792.954
9793.187
9793.262
9793.333
9793.404
9793.669
9794.292
9794.439
9794.631
9794.864
9795.033
9795.251
9795.587
9795.981
9796.078
9796.227
9796.460
9796.648
9796.864
9796.953
9797.030
9797.110
9797.127
9797.437
9797.471
9797.898
9797.912
9797.982
9798.104
9798.241
9798.331
9798.739
9798.774
9798.935
9799.218
9799.222
9799.228
9799.267
9799.393
9799.737
9799.756
9799.765
9799.838
9800.043
9800.104
9800.278
9800.448
9800.469
9800.484
9800.588
9800.627
9800.637
9800.823
9800.889
9800.896
9801.098
9801.131
9801.455
9801.696
9801.712
9802.272
9802.376
9802.493
9804.179
9804.204
9804.467
9805.007
9805.011
9806.167
9806.261
9806.434
9806.706
9806.929
9806.960
9806.997
9807.076
9807.236
9807.368
9807.560
9807.662
9808.178
9808.205
9808.307
9808.484
9808.567
9808.784
9809.180
9809.186
9809.197
9809.636
9809.723
9809.963
9810.743
9811.070
9811.152
9811.315
9811.355
9811.526
9811.641
9811.668
9811.983
9812.604
9812.626
9812.701
9812.840
9813.434
9813.534
9813.557
9813.762
9813.958
9813.967
9813.973
9814.187
9814.232
9814.439
9814.463
9814.675
9814.890
9814.951
9815.627
9815.633
9815.730
9815.835
9816.041
9816.101
9816.337
9816.506
9816.583
9816.805
9817.236
9817.293
9817.323
9817.489
9817.538
9817.663
9817.682
9817.828
9817.830
9817.838
9817.953
9818.140
9818.210
9818.557
9818.814
9819.064
9819.473
9819.566
9819.606
9819.974
9820.092
9820.639
9820.795
9821.084
9821.444
9821.506
9821.790
9822.185
9822.444
9822.614
9822.621
9823.007
9823.638
9824.062
9824.078
9824.101
9824.331
9824.499
9824.671
9824.815
9824.913
9825.097
9825.183
9825.192
9825.392
9825.483
9825.526
9825.539
9825.826
9825.920
9826.252
9826.291
9826.512
9826.876
9827.568
9827.740
9827.880
9828.252
9828.721
9828.869
9828.910
9828.932
9828.963
9829.017
9829.055
9829.273
9829.711
9829.857
9830.023
9830.305
9830.536
9830.555
9830.647
9830.739
9830.787
9831.081
9831.524
9831.565
9831.632
9831.647
9831.689
9831.736
9831.806
9831.903
9831.944
9831.954
9832.014
9832.212
9832.370
9832.652
9832.818
9832.965
9833.257
9833.420
9833.600
9834.121
9834.743
9834.830
9835.041
9835.474
9835.763
9835.965
9836.076
9836.228
9836.842
9836.921
9836.997
9837.002
9837.248
9837.266
9837.729
9838.055
9838.072
9838.078
9838.200
9838.378
9839.157
9839.322
9839.370
9839.482
9839.646
9839.654
9839.741
9840.216
9840.506
9840.570
9840.921
9840.977
9841.043
9841.208
9841.324
9841.387
9841.458
9841.859
9842.459
9842.532
9842.846
9842.948
9843.060
9843.158
9843.180
9843.226
9843.277
14499.977
14500.147
14500.565
14500.661
14501.448
14501.867
14501.913
14502.103
14502.368
14502.410
14502.958
14503.085
14503.169
14503.452
14503.560
14503.714
14503.922
14504.126
14504.720
14504.775
14504.900
14504.927
14505.184
14505.312
14505.470
14505.683
14505.689
14505.751
14506.043
14506.068
14506.242
14506.257
14506.358
14506.498
14506.502
14506.660
14507.006
14507.273
14507.435
14507.612
14508.027
14508.114
14508.209
14508.425
14508.738
14508.796
14508.819
14509.092
14509.460
14509.666
14509.831
14510.027
14510.077
14510.095
14510.431
14510.904
14511.246
14511.427
14511.933
14512.104
14512.931
14513.336
14513.369
14513.436
14513.692
14513.704
14513.939
14514.001
14514.133
14514.180
14514.289
14514.575
14514.605
14514.647
14514.789
14515.210
14515.570
14515.809
14515.866
14516.035
14516.063
14516.118
14516.508
14516.598
14516.677
14516.722
14516.793
14516.847
14516.916
14517.086
14517.272
14517.644
14517.821
14517.913
14518.060
14518.071
14518.328
14518.392
14518.394
14518.748
14518.907
14518.944
14519.125
14519.257
14519.383
14519.508
14519.646
14520.055
14520.400
14520.416
14520.659
14520.810
14520.977
14521.053
14521.293
14521.694
14521.924
14521.981
14522.098
14522.152
14522.257
14522.357
14522.384
14522.433
14522.565
14522.898
14523.069
14523.254
14523.291
14523.536
14523.694
14523.768
14523.828
14523.869
14523.912
14524.716
14524.728
14525.049
14525.389
14525.649
14525.830
14526.000
14526.032
14526.064
14526.129
14526.329
14526.512
14526.702
14526.898
14526.994
14527.142
14527.201
14527.237
14527.247
14527.330
14527.447
14527.537
14527.799
14528.201
14528.530
14528.561
14528.827
14528.949
14529.231
14529.302
14529.644
14529.748
14530.703
14530.885
14530.912
14530.980
14531.130
14531.314
14532.216
14532.304
14532.518
14532.872
14532.885
14532.928
14533.079
14533.420
14533.481
14533.921
14533.989
14534.496
14534.586
14535.150
14535.168
14535.430
14535.462
14535.603
14535.647
14535.711
14536.032
14536.070
14536.428
14536.541
14536.593
14536.600
14536.629
14536.777
14536.925
14537.111
14537.145
14537.179
14537.206
14537.230
14537.286
14537.682
14537.694
14537.784
14537.809
14538.137
14538.486
14538.563
14538.567
14539.054
14539.160
14539.334
14539.422
14539.812
14539.833
14539.984
14540.330
14540.467
14540.600
14540.613
14540.779
14541.147
14541.812
14542.085
14542.097
14542.147
14542.239
14542.396
14542.430
14542.494
14542.560
14542.726
14542.760
14542.905
14543.051
14543.088
14543.250
14543.266
14543.567
14544.164
14544.262
14544.275
14544.471
14544.768
14544.935
14545.441
14545.530
14545.540
14545.654
14545.655
14545.728
14545.735
14546.026
14546.157
14546.857
14546.964
14547.008
14547.132
14547.362
14547.636
14547.714
14547.759
14548.013
14548.100
14548.292
14548.325
14548.407
14548.504
14548.549
14548.585
14548.600
14548.728
14548.739
14548.974
14549.016
14549.411
14549.463
14549.469
14549.499
14549.546
14549.675
14549.866
14549.940
14550.038
14550.102
14550.146
14550.214
14550.438
14550.575
14550.618
14550.658
14550.826
14551.153
14551.184
14551.220
14551.890
14552.621
14552.766
14552.778
14552.810
14552.819
14552.911
14553.106
14553.419
14553.562
14553.613
14553.797
14554.003
14554.047
14554.205
14554.438
14554.531
14554.998
14555.349
14555.413
14555.481
14556.016
14556.358
14556.554
14556.574
14556.598
14556.620
14556.714
14556.917
14557.223
14557.265
14557.288
14557.411
14557.451
14557.522
14557.558
14557.561
14557.635
14558.030
14558.136
14558.249
14558.386
14558.807
14558.966
14559.138
14559.167
14559.257
14559.450
14559.612
14559.915
14559.958
14560.109
14560.176
14560.331
14560.444
14560.773
14560.906
14561.043
14561.059
14561.131
14561.185
14561.450
14561.555
14561.602
14561.663
14561.686
14561.712
14561.881
14561.919
14562.073
14562.172
14562.344
14562.783
14562.816
14562.971
14563.316
14563.374
14563.407
14563.598
14563.607
14563.702
14563.928
14563.998
14564.113
14564.312
14564.789
14564.948
14565.147
14565.185
14565.231
14565.388
14565.432
14565.638
14565.911
14565.970
14566.029
14566.331
14566.665
14566.689
14566.852
14567.016
14567.113
14567.305
14567.728
14568.524
14568.594
14568.633
14568.704
14568.732
14568.782
14568.886
14569.030
14569.100
14569.287
14569.336
14569.594
14569.613
14569.620
14569.854
14569.938
14570.147
14570.407
14570.552
14570.722
14570.911
14571.041
14571.240
14571.247
14571.491
14571.745
14571.787
14571.825
14572.220
14572.257
14572.423
14572.718
14572.834
14572.853
14573.322
14573.534
14573.780
14573.816
14573.906
14574.545
14574.576
14574.600
14574.637
14574.737
14574.751
14574.814
14575.020
14575.096
14575.298
14575.932
14576.159
14576.874
14577.095
14577.230
14577.559
14577.743
14577.811
14577.903
14578.039
14578.091
14578.141
14578.178
14578.373
14578.375
14578.397
14578.533
14578.706
14578.854
14579.048
14579.125
14579.496
14579.717
14580.124
14580.380
14580.481
14580.511
14580.893
14580.897
14581.003
14581.111
14581.666
14581.933
14582.118
14582.144
14582.348
14582.656
14582.846
14583.400
14583.609
14583.655
14583.750
14584.523
14584.578
14585.119
14585.166
14585.346
14585.374
14585.694
14585.771
14585.822
14586.246
14586.617
14586.664
14587.093
14587.706
14587.876
14588.182
14588.438
14588.673
14588.776
14588.802
14588.832
14589.254
14589.802
14590.101
14590.160
14590.342
14590.765
14591.228
14591.440
14591.466
14591.565
14591.571
14591.612
14591.835
14592.295
14592.503
14592.663
14593.366
14593.516
14593.567
14593.581
14593.784
14593.836
14593.857
14593.938
14593.945
14594.210
14594.233
14594.393
14594.549
14594.933
14594.944
14595.041
14595.071
14595.217
14595.290
14595.310
14595.388
14595.418
14595.555
14595.802
14595.819
14595.985
14596.080
14596.553
14596.839
14596.962
14597.168
14597.509
14597.621
14597.749
14597.774
14597.799
14597.886
14598.106
14598.844
14599.023
14599.178
14599.203
14599.271
14599.506
14599.553
14599.680
14599.819
14600.010
14600.388
14600.496
14600.762
14600.786
14600.904
14600.934
14601.233
14601.270
14601.361
14601.765
14601.875
14601.925
14602.037
14602.694
14602.714
14602.789
14603.023
14603.151
14603.607
14603.999
14604.112
14604.198
14604.940
14604.946
14604.991
14605.137
14605.188
14605.309
14605.922
14606.040
14606.060
14606.156
14606.312
14606.445
14606.538
14607.018
14607.465
14607.688
14608.078
14608.606
14608.642
14608.891
14609.398
14609.717
14610.135
14610.215
14610.377
14610.531
14610.663
14610.768
14610.828
14610.832
14610.938
14611.189
14611.251
14612.041
14612.152
14612.714
14612.780
14613.036
14613.127
14613.382
14613.427
14613.670
14613.722
14613.773
14613.786
14614.736
14615.497
14615.563
14615.582
14615.605
14615.757
14616.275
14616.383
14616.509
14616.564
14616.650
14616.678
14616.888
14617.071
14617.318
14617.405
14617.663
14617.808
14617.860
14617.920
14618.116
14618.612
14618.709
14618.796
14619.055
14619.114
14619.701
14619.773
14619.864
14620.295
14620.338
14620.399
14620.478
14620.527
14620.708
14620.830
14620.879
14620.889
14621.238
14621.644
14622.028
14622.443
14622.517
14622.539
14623.282
14623.455
14623.698
14623.714
14623.740
14623.976
14624.006
14624.139
14624.392
14624.417
14624.605
14624.796
14624.964
14625.125
14625.417
14625.444
14626.159
14626.531
14626.783
14626.927
14627.766
14627.864
14627.893
14627.898
14628.040
14628.053
14628.393
14628.455
14628.628
14628.927
14629.006
14629.138
14629.328
14629.697
14629.878
14630.029
14630.146
14630.281
14630.361
14630.369
14630.399
14630.437
14630.679
14631.055
14631.066
14631.213
14631.296
14631.344
14631.542
14632.204
14632.254
14632.310
14632.372
14632.436
14632.698
14632.714
14632.776
14632.795
14633.250
14633.434
14633.534
14633.614
14633.962
14634.364
14634.411
14634.865
14634.929
14634.934
14635.088
14635.128
14635.133
14635.500
14635.650
14635.755
14635.831
14635.871
14635.922
14636.084
14636.100
14636.187
14636.301
14636.494
14636.526
14636.578
14637.136
14637.485
14637.665
14637.734
14637.777
14637.787
14637.797
14637.916
14638.333
14638.445
14638.447
14638.518
14638.607
14638.611
14638.963
14639.098
14639.177
14639.297
14639.390
14639.501
14639.622
14639.672
14639.946
14640.069
14640.273
14640.298
14640.539
14640.710
14640.782
14640.994
14641.125
14641.294
14641.440
14641.503
14641.538
14641.687
14641.810
14642.052
14642.245
14642.287
14642.508
14642.543
14642.625
14642.967
14643.245
14643.283
14643.284
14643.353
14643.529
14643.533
14644.081
14644.146
14644.205
14644.479
14644.704
14644.819
14644.837
14645.881
14645.980
14646.166
14646.285
14646.368
14646.462
14646.753
14647.431
14647.449
14647.491
14647.528
14647.561
14647.698
14648.004
14648.931
14649.072
14649.212
14649.234
14649.509
14649.610
14649.623
14649.713
14649.786
14650.240
14650.307
14650.711
14650.884
14651.113
14651.307
14651.332
14651.344
14651.503
14651.632
14651.694
14651.823
14652.072
14652.164
14652.203
14652.350
14652.425
14652.525
14652.562
14652.651
14652.753
14652.778
14652.808
14653.381
14653.448
14653.556
14653.786
14653.857
14653.880
14654.045
14654.309
14654.439
14654.577
14655.037
14655.511
14655.827
14655.894
14655.969
14656.154
14656.205
14656.284
14656.853
14656.861
14657.085
14657.178
14657.335
14657.791
14658.125
14658.332
14658.427
14658.569
14658.677
14658.803
14659.236
14659.259
14659.289
14659.633
14659.768
14659.772
14659.853
14659.914
14660.253
14660.298
14660.410
14660.548
14661.154
14661.219
14661.457
14661.653
14661.687
14661.827
14662.068
14662.112
14662.308
14662.403
14662.416
14662.542
14662.661
14662.804
14662.978
14663.187
14663.292
14663.968
14664.098
14664.653
14664.681
14664.729
14664.865
14664.965
14665.297
14665.326
14665.569
14665.639
14665.800
14665.977
14666.128
14666.409
14666.477
14666.620
14666.872
14667.263
14667.369
14667.411
14667.472
14667.496
14667.997
14668.637
14668.637
14668.664
14668.685
14669.038
14669.129
14669.158
14669.172
14669.586
14669.596
14669.816
14669.935
14670.088
14670.318
14670.378
14670.703
14670.816
14670.873
14671.019
14671.057
14671.133
14671.165
14671.375
14671.448
14671.846
14672.105
14672.700
14672.706
14672.840
14672.849
14673.412
14673.747
14673.866
14673.899
14674.005
14674.023
14674.027
14674.089
14674.118
14674.191
14674.408
14674.676
14674.736
14674.834
14675.290
14675.638
14675.711
14675.726
14675.993
14676.102
14676.196
14676.360
14676.372
14676.419
14676.794
14677.102
14677.325
14677.525
14677.540
14677.541
14677.636
14677.710
14677.897
14678.055
14678.308
14678.363
14678.508
14678.864
14678.914
14679.017
14679.053
14679.063
14679.319
14679.441
14680.170
14680.176
14680.244
14680.388
14680.418
14680.563
14680.688
14680.873
14681.003
14681.151
14681.214
14681.369
14681.744
14682.281
14682.463
14682.564
14682.651
14682.719
14682.964
14683.219
14683.304
14683.517
14683.702
14684.330
14684.458
14684.460
14684.463
14684.935
14685.112
14685.250
14685.562
14685.595
14685.692
14685.722
14685.725
14685.895
14686.046
14686.084
14686.401
14686.443
14686.477
14687.017
14687.039
14687.110
14687.221
14687.575
14687.777
14688.221
14688.282
14688.427
14688.446
14688.564
14688.606
14688.689
14688.743
14688.945
14688.951
14689.281
14689.400
14689.638
14689.792
14689.939
14689.943
14689.978
14690.013
14690.766
14690.834
14690.867
14690.965
14691.260
14691.540
14691.631
14691.782
14692.074
14692.086
14692.115
14692.284
14692.536
14692.703
14693.296
14693.658
14693.770
14693.849
14693.939
14694.499
14694.575
14694.633
14694.727
14695.108
14695.139
14695.258
14695.295
14695.386
14695.810
14695.872
14695.950
14696.169
14696.361
14696.368
14697.070
14697.109
14697.165
14697.319
14697.470
14697.614
14697.626
14697.870
14697.924
14697.957
14698.036
14698.151
14698.393
14698.982
14699.151
14699.226
14699.245
14699.249
14699.476
14699.498
14699.996
14700.102
14700.496
14700.894
14701.441
14701.491
14701.536
14701.853
14701.939
14702.131
14702.182
14702.283
14702.392
14702.655
14702.714
14702.721
14703.094
14703.140
14703.164
14703.400
14703.491
14703.540
14703.933
14704.007
14704.182
14704.426
14704.467
14705.085
14705.199
14705.254
14705.276
14706.016
14706.254
14706.444
14706.715
14706.793
14706.940
14707.074
14707.380
14708.250
14708.274
14708.488
14708.740
14708.823
14708.827
14709.017
14709.089
14709.119
14709.218
14709.472
14709.502
14709.637
14709.713
14709.876
14709.883
14709.964
14710.133
14710.218
14710.638
14710.759
14710.881
14711.013
14711.029
14711.149
14711.324
14711.372
14711.470
14711.715
14712.245
14712.255
14712.639
14712.880
14713.348
14713.390
14713.477
14713.505
14713.590
14713.603
14713.713
14713.805
14713.934
14714.033
14714.194
14714.317
14714.585
14714.677
14715.040
14715.257
14715.267
14715.693
14715.899
14715.925
14716.361
14716.433
14716.537
14717.066
14717.221
14717.677
14717.757
14718.045
14718.090
14718.398
14718.744
14719.052
14719.152
14719.266
14719.375
14719.592
14719.597
14719.615
14719.696
14719.773
14720.139
14720.159
14720.691
14720.698
14720.914
14720.944
14721.013
14721.489
14721.610
14721.652
14721.702
14722.209
14722.327
14722.399
14722.570
14722.759
14723.217
14723.572
14723.677
14724.038
14724.156
14724.221
14724.613
14724.646
14724.658
14724.987
14724.997
14725.306
14725.341
14725.518
14725.672
14725.828
14726.387
14726.744
14726.806
14726.948
14727.539
14727.846
14727.983
14728.000
14728.068
14728.143
14728.354
14728.423
14728.616
14729.130
14729.179
14729.527
14729.697
14729.767
14729.954
14729.984
14729.989
14730.084
14730.456
14730.461
14730.573
14731.028
14731.051
14731.063
14731.152
14731.310
14731.413
14731.444
14731.533
14731.648
14732.025
14732.078
14732.162
14732.579
14732.771
14732.799
14732.883
14733.118
14733.294
14733.604
14733.977
14734.136
14734.449
14734.541
14734.656
14734.728
14734.790
14734.997
14735.244
14735.536
14736.030
14736.441
14736.777
14736.920
14737.263
14737.339
14737.538
14738.095
14738.101
14738.123
14738.485
14738.904
14739.061
14739.163
14739.416
14739.464
14739.600
14739.614
14739.762
14739.885
14739.899
14740.108
14740.205
14740.427
14740.473
14740.659
14740.715
14740.806
14740.900
14741.017
14741.210
14741.483
14741.897
14742.223
14742.232
14742.472
14742.579
14742.914
14742.983
14743.030
14743.094
14743.114
14743.214
14743.244
14743.320
14743.376
14743.403
14743.970
14744.059
14744.410
14744.439
14744.616
14744.987
14745.076
14745.213
14745.485
14745.788
14745.827
14746.082
14746.344
14746.725
14746.734
14747.049
14747.069
14747.083
14747.355
14747.723
14747.738
14748.595
14748.626
14748.921
14748.977
14749.388
14749.605
14749.826
14750.047
14750.073
14750.296
14750.304
14750.439
14750.458
14750.713
14750.899
14750.921
14750.989
14751.084
14751.228
14751.495
14751.682
14752.075
14752.244
14752.248
14752.297
14752.706
14752.936
14753.232
14753.615
14753.686
14753.709
14753.768
14753.823
14754.072
14754.097
14754.102
14754.166
14754.616
14754.933
14754.999
14755.160
14755.162
14755.200
14755.264
14755.312
14755.487
14755.489
14755.574
14755.709
14755.830
14755.873
14755.920
14756.537
14756.703
14756.968
14757.106
14757.241
14757.381
14757.397
14757.407
14757.463
14757.539
14757.640
14757.716
14757.800
14757.867
14757.948
14758.244
14758.385
14758.772
14758.809
14759.151
14759.358
14759.516
14760.225
14760.750
14760.868
14760.956
14761.339
14761.522
14761.770
14761.814
14762.018
14762.468
14762.809
14763.139
14763.324
14763.378
14763.547
14763.602
14763.614
14763.637
14763.684
14763.693
14763.706
14763.996
14764.313
14764.348
14764.362
14764.380
14764.539
14765.176
14765.190
14765.570
14765.982
14766.035
14766.104
14766.392
14766.550
14766.767
14767.006
14767.083
14767.088
14767.132
14767.634
14767.718
14768.072
14768.530
14768.672
14769.745
14769.801
14769.819
14769.958
14770.017
14770.484
14770.554
14770.650
14770.763
14770.775
14770.978
14771.079
14771.127
14771.190
14771.276
14771.404
14771.523
14772.026
14772.462
14772.489
14772.528
14772.541
14772.802
14772.891
14772.901
14773.017
14773.202
14773.340
14773.543
14773.718
14773.748
14773.751
14773.782
14773.910
14773.941
14774.017
14774.279
14774.292
14774.403
14774.652
14775.274
14775.329
14775.656
14775.721
14775.838
14775.843
14776.172
14776.380
14776.728
14776.821
14776.842
14777.038
14777.119
14777.507
14777.692
14777.799
14778.081
14778.402
14778.409
14778.440
14778.703
14778.856
14779.294
14779.366
14779.438
14779.569
14779.638
14779.775
14779.968
14780.140
14780.162
14780.594
14780.715
14781.064
14781.483
14781.542
14781.584
14781.783
14782.088
14782.369
14782.469
14782.521
14782.625
14783.254
14783.276
14783.277
14783.330
14783.452
14783.808
14783.992
14784.170
14784.376
14784.453
14784.561
14784.622
14785.193
14785.359
14785.382
14785.566
14785.660
14785.728
14786.135
14786.459
14786.603
14786.686
14786.734
14786.899
14786.900
14786.995
14787.117
14787.308
14787.456
14787.771
14787.895
14788.388
14788.434
14788.530
14788.675
14789.302
14789.383
14789.564
14789.966
14790.150
14790.331
14790.415
14790.442
14790.515
14790.550
14790.579
14790.895
14791.015
14791.236
14791.269
14791.435
14791.564
14791.726
14791.769
14791.795
14792.132
14792.277
14792.377
14792.468
14792.855
14792.877
14793.368
14793.373
14793.514
14793.586
14793.911
14794.013
14794.245
14794.515
14794.558
14794.559
14794.781
14794.804
14794.878
14795.044
14795.081
14795.224
14795.808
14796.115
14796.150
14796.215
14796.286
14796.562
14796.635
14796.815
14796.842
14796.960
14796.985
14797.119
14797.128
14797.192
14797.359
14797.621
14797.685
14797.914
14798.013
14798.123
14798.182
14798.224
14798.317
14798.440
14798.499
14798.511
14798.558
14798.855
14798.949
14798.998
14799.069
14799.092
14799.235
14799.628
14799.646
14799.799
14800.053
14800.067
14800.308
14800.352
14800.788
14800.866
14800.871
14800.942
14801.070
14801.077
14801.566
14801.731
14801.828
14801.983
14802.053
14802.119
14802.241
14802.592
14802.837
14802.918
14803.073
14803.293
14803.422
14804.242
14804.313
14804.408
14804.487
14804.679
14805.186
14805.338
14805.751
14806.030
14806.302
14806.331
14806.514
14806.583
14806.662
14806.741
14806.861
14807.001
14807.542
14807.567
14807.599
14807.630
14808.060
14808.073
14808.109
14808.477
14808.666
14808.669
14809.290
14809.311
14809.401
14809.529
14809.742
14810.050
14810.164
14810.202
14810.205
14810.363
14810.502
14810.689
14810.740
14810.842
14811.234
14811.549
14811.780
14811.807
14812.090
14813.298
14813.477
14813.505
14813.626
14813.844
14813.849
14813.958
14814.132
14814.331
14814.443
14814.883
14814.924
14815.089
14815.199
14815.482
14815.826
14815.961
14816.124
14816.232
14816.402
14816.524
14816.529
14816.768
14816.900
14817.025
14817.067
14817.267
14817.295
14817.396
14817.489
14817.570
14817.601
14817.948
14818.019
14818.227
14818.311
14818.447
14818.657
14818.661
14818.728
14819.175
14819.659
14819.825
14819.927
14820.199
14820.209
14820.284
14820.466
14820.491
14820.510
14820.627
14820.639
14820.920
14821.004
14821.128
14821.313
14821.336
14821.358
14821.785
14821.888
14822.003
14822.173
14822.222
14822.229
14822.342
14822.391
14822.515
14822.660
14822.828
14823.020
14823.021
14823.151
14823.299
14823.421
14823.432
14823.456
14823.804
14823.807
14823.857
14823.950
14823.962
14824.072
14824.180
14824.475
14824.481
14824.803
14824.957
14825.170
14825.438
14825.492
14825.492
14825.523
14825.587
14825.778
14825.999
14826.077
14826.101
14826.179
14826.370
14826.744
14827.177
14827.473
14827.476
14827.501
14827.760
14828.046
14828.290
14828.347
14828.370
14828.429
14828.458
14828.509
14828.596
14828.645
14828.720
14829.253
14829.394
14829.534
14829.888
14829.933
14829.980
14830.191
14830.270
14830.520
14830.816
14830.966
14831.374
14831.460
14831.609
14832.104
14832.153
14832.353
14832.492
14832.589
14832.640
14833.020
14833.027
14833.438
14833.549
14833.579
14833.906
14833.973
14834.313
14834.431
14834.551
14834.883
14835.039
14835.045
14835.139
14835.388
14835.797
14835.968
14836.354
14836.356
14836.396
14836.634
14836.789
14836.952
14837.257
14837.332
14837.775
14837.912
14837.958
14838.073
14838.163
14838.181
14838.394
14838.690
14838.964
14839.034
14839.070
14839.414
14839.730
14839.931
14840.039
14840.189
14840.543
14840.550
14841.180
14841.196
14841.409
14841.580
14841.746
14841.849
14841.912
14842.053
14842.090
14842.494
14842.571
14842.827
14842.920
14842.974
14843.028
14843.037
14843.291
15760.278
19119.769
20639.468
27135.303
28646.801
33188.393
36208.968
39499.925
39499.966
39499.989
39500.490
39500.531
39500.693
39500.784
39500.797
39501.081
39501.112
39501.201
39501.210
39501.289
39501.419
39501.483
39501.727
39501.954
39502.025
39502.120
39502.174
39502.233
39502.340
39502.349
39502.829
39503.083
39503.179
39503.471
39503.888
39503.904
39504.132
39504.477
39504.908
39504.910
39504.932
39505.002
39505.076
39505.253
39505.276
39505.440
39505.568
39505.644
39505.958
39505.972
39506.027
39506.121
39506.126
39506.143
39506.196
39506.464
39506.596
39506.836
39506.924
39507.013
39507.044
39507.421
39507.569
39507.699
39507.700
39508.186
39508.361
39508.482
39508.578
39508.585
39508.601
39508.941
39509.285
39509.395
39509.399
39509.489
39509.848
39509.905
39510.076
39510.316
39510.402
39510.492
39510.578
39510.609
39510.794
39511.059
39511.200
39511.281
39511.543
39511.858
39511.863
39511.994
39512.215
39512.229
39512.432
39512.681
39512.741
39512.985
39513.213
39513.241
39513.287
39513.355
39513.363
39513.367
39513.959
39514.025
39514.078
39514.207
39514.417
39514.622
39514.782
39514.861
39514.925
39515.208
39515.531
39515.643
39515.924
39516.131
39516.158
39516.290
39516.297
39516.756
39517.369
39517.476
39517.646
39517.706
39517.723
39517.877
39518.148
39518.204
39518.257
39518.444
39518.751
39518.784
39518.787
39518.800
39518.870
39519.319
39519.421
39519.726
39519.869
39520.072
39520.276
39520.475
39520.723
39520.899
39521.069
39521.252
39521.329
39521.422
39521.447
39522.098
39522.134
39522.191
39522.502
39522.544
39522.573
39522.614
39522.614
39522.662
39522.771
39522.838
39522.894
39522.957
39523.309
39523.444
39523.635
39523.875
39523.891
39523.905
39524.004
39524.083
39524.724
39524.922
39525.006
39525.180
39525.210
39525.478
39525.616
39525.769
39526.325
39526.361
39526.966
39527.210
39527.238
39527.582
39527.734
39527.886
39528.337
39528.369
39528.756
39528.894
39529.042
39529.153
39529.276
39529.446
39529.763
39529.769
39529.901
39529.950
39530.005
39530.041
39530.235
39530.249
39530.360
39530.501
39530.561
39530.564
39530.818
39531.291
39531.330
39531.473
39531.750
39531.845
39532.146
39532.149
39532.231
39532.335
39532.360
39532.734
39532.991
39533.024
39533.173
39533.223
39533.445
39533.461
39533.956
39533.958
39535.041
39535.233
39535.276
39535.336
39535.632
39535.911
39536.043
39536.052
39536.271
39536.489
39536.578
39536.750
39537.739
39537.944
39538.026
39538.331
39538.567
39538.683
39538.697
39538.723
39539.179
39539.213
39539.454
39539.813
39539.993
39540.085
39540.286
39540.321
39540.548
39540.580
39540.794
39540.875
39540.904
39540.910
39540.967
39541.156
39541.387
39541.398
39541.405
39541.544
39541.750
39541.949
39542.671
39542.676
39542.911
39543.238
39543.261
39543.290
39543.443
39543.636
39543.653
39543.845
39543.859
39543.910
39544.118
39544.276
39544.345
39545.079
39545.282
39545.366
39545.382
39545.457
39545.529
39545.569
39545.788
39546.067
39546.082
39546.102
39546.258
39546.415
39547.384
39547.478
39547.568
39547.903
39547.940
39547.999
39548.062
39548.386
39548.418
39548.469
39548.685
39548.869
39548.873
39549.077
39549.090
39549.142
39549.153
39549.345
39549.375
39549.497
39549.739
39550.144
39550.179
39550.232
39550.503
39550.526
39550.761
39551.258
39551.372
39551.382
39551.677
39551.677
39551.785
39551.799
39552.016
39552.027
39552.107
39552.209
39552.327
39552.870
39552.918
39552.959
39553.891
39553.903
39554.010
39554.085
39554.114
39554.519
39554.603
39554.751
39554.875
39554.983
39555.049
39555.392
39555.473
39555.616
39556.010
39556.019
39556.257
39556.466
39556.848
39556.982
39557.092
39557.134
39557.188
39557.221
39557.266
39557.300
39557.408
39557.505
39557.693
39557.770
39557.838
39557.863
39557.874
39557.905
39558.123
39558.821
39558.847
39559.034
39559.123
39559.221
39559.661
39559.688
39560.003
39560.337
39560.458
39560.677
39560.720
39561.039
39561.482
39562.176
39562.322
39562.400
39562.544
39562.589
39562.652
39562.875
39563.188
39563.436
39563.503
39563.734
39563.896
39563.994
39564.725
39564.904
39565.176
39565.250
39565.300
39565.317
39565.472
39565.505
39565.841
39566.048
39566.675
39566.799
39566.821
39566.873
39567.063
39567.285
39567.290
39567.398
39567.417
39567.540
39567.732
39567.768
39568.057
39568.129
39568.462
39569.035
39569.186
39569.320
39569.404
39569.595
39569.734
39569.860
39569.951
39570.078
39570.169
39570.170
39570.550
39570.743
39570.936
39571.081
39571.320
39571.331
39571.418
39572.173
39572.552
39572.858
39572.948
39573.198
39573.508
39573.519
39574.033
39574.192
39574.319
39574.684
39574.965
39575.016
39575.044
39575.196
39575.239
39575.280
39575.619
39575.643
39576.038
39576.062
39576.139
39576.222
39576.585
39576.981
39577.200
39577.218
39577.287
39577.432
39577.847
39577.894
39577.934
39577.944
39578.008
39578.024
39578.062
39578.201
39578.393
39578.443
39578.736
39578.788
39578.850
39578.895
39578.896
39579.069
39579.181
39579.390
39579.551
39579.672
39579.721
39579.905
39580.054
39580.615
39580.741
39580.755
39581.119
39581.126
39581.129
39581.328
39581.383
39581.869
39582.078
39582.121
39582.514
39582.817
39582.895
39582.900
39583.219
39583.504
39583.517
39583.746
39583.758
39583.849
39584.086
39584.129
39584.367
39584.783
39584.837
39585.021
39585.077
39585.191
39585.260
39585.514
39585.566
39585.690
39586.146
39586.290
39586.323
39586.468
39586.526
39586.938
39587.090
39587.215
39587.919
39587.956
39588.202
39588.237
39588.359
39589.318
39589.819
39589.867
39590.179
39590.259
39590.460
39590.544
39590.773
39590.915
39591.030
39591.184
39591.400
39591.555
39591.700
39591.711
39592.121
39592.360
39592.439
39592.709
39592.984
39593.195
39593.286
39593.316
39593.388
39593.633
39593.713
39593.942
39593.947
39594.053
39594.123
39594.187
39594.274
39594.512
39594.525
39594.849
39595.150
39595.186
39595.306
39595.359
39595.479
39595.640
39595.961
39596.003
39596.028
39596.029
39596.150
39596.182
39596.216
39596.312
39597.076
39597.315
39597.351
39597.353
39597.523
39597.567
39597.698
39598.167
39598.208
39598.462
39598.623
39598.623
39598.659
39599.058
39599.235
39599.491
39599.698
39599.873
39599.912
39599.998
39600.245
39600.257
39600.335
39600.610
39600.663
39600.951
39601.386
39601.517
39601.528
39601.811
39601.926
39601.959
39602.028
39602.431
39602.719
39602.798
39602.809
39602.809
39602.874
39603.072
39603.665
39603.800
39603.833
39604.226
39604.822
39604.894
39605.247
39605.278
39605.598
39605.822
39606.044
39606.067
39606.448
39606.524
39606.913
39606.927
39606.993
39607.025
39607.288
39607.333
39607.751
39607.849
39607.943
39608.017
39608.096
39608.143
39608.256
39608.395
39608.446
39608.450
39608.681
39608.736
39608.965
39609.178
39609.221
39609.232
39609.342
39609.421
39609.604
39609.955
39609.966
39610.026
39610.229
39610.301
39610.402
39610.444
39610.458
39611.085
39611.102
39611.255
39611.274
39611.340
39611.508
39611.556
39611.668
39611.705
39612.542
39612.902
39613.077
39613.171
39613.223
39613.408
39613.487
39613.547
39613.549
39613.627
39613.716
39613.905
39614.203
39614.345
39614.394
39614.456
39614.461
39614.490
39614.627
39614.754
39614.806
39614.908
39614.914
39615.311
39615.630
39615.755
39615.768
39615.804
39615.877
39616.168
39616.448
39616.454
39616.621
39616.866
39617.059
39617.174
39617.285
39617.338
39617.345
39617.351
39617.756
39618.102
39618.371
39618.599
39618.671
39618.688
39618.741
39619.360
39619.640
39619.987
39620.029
39620.044
39620.236
39620.735
39620.817
39620.971
39621.049
39621.225
39621.602
39622.092
39622.232
39622.328
39622.489
39622.605
39622.950
39623.154
39623.391
39623.429
39623.616
39624.062
39624.178
39624.187
39624.282
39624.599
39624.755
39624.864
39624.957
39625.071
39625.195
39625.217
39625.350
39625.362
39625.373
39625.536
39625.561
39625.670
39625.709
39625.736
39625.943
39626.226
39626.334
39626.384
39626.414
39626.446
39626.598
39627.390
39627.554
39627.579
39627.613
39627.824
39628.194
39628.720
39629.276
39629.396
39629.607
39629.819
39629.968
39630.162
39630.170
39630.219
39630.469
39630.733
39630.785
39631.026
39631.273
39631.328
39631.395
39631.510
39631.608
39631.661
39631.746
39631.794
39631.927
39632.055
39632.113
39632.243
39632.265
39632.313
39632.559
39632.809
39632.888
39633.175
39633.209
39633.256
39633.491
39634.018
39634.035
39634.044
39634.189
39634.550
39634.584
39634.618
39634.849
39635.316
39635.352
39635.497
39635.523
39635.994
39636.790
39636.851
39636.863
39636.932
39636.965
39637.075
39637.216
39637.400
39637.480
39637.596
39637.705
39637.753
39638.508
39638.552
39638.838
39638.880
39639.160
39639.185
39639.509
39639.765
39640.056
39640.118
39640.162
39640.283
39640.519
39640.830
39640.951
39641.115
39641.235
39641.623
39641.697
39641.715
39641.922
39641.929
39642.292
39642.335
39642.486
39643.189
39643.309
39643.421
39643.603
39643.635
39643.798
39643.835
39643.879
39644.057
39644.063
39644.260
39644.441
39644.992
39645.038
39645.169
39645.248
39645.442
39645.492
39645.634
39646.021
39646.093
39646.216
39646.746
39647.137
39647.231
39647.241
39647.287
39647.459
39647.974
39648.030
39648.231
39648.352
39648.547
39648.875
39649.455
39649.539
39649.729
39649.803
39650.104
39650.122
39650.293
39650.746
39651.204
39651.336
39651.457
39651.539
39651.674
39651.686
39652.016
39652.027
39652.362
39652.428
39652.548
39652.625
39652.929
39653.372
39653.634
39653.891
39654.469
39654.537
39654.715
39655.009
39655.567
39655.656
39655.849
39655.967
39656.298
39656.411
39656.515
39656.571
39656.604
39656.801
39656.808
39656.939
39656.963
39657.144
39657.173
39657.368
39657.734
39657.863
39657.940
39658.005
39658.152
39658.234
39658.234
39658.354
39658.364
39658.632
39658.795
39658.956
39659.029
39659.058
39659.548
39659.699
39659.906
39659.937
39660.092
39660.564
39660.583
39660.720
39660.770
39660.995
39661.022
39661.061
39661.157
39661.315
39661.354
39661.362
39661.364
39662.427
39662.444
39662.904
39663.312
39663.656
39663.759
39663.848
39663.886
39664.177
39664.294
39664.308
39664.445
39664.679
39664.739
39665.025
39665.148
39665.181
39665.479
39665.599
39665.636
39665.744
39665.758
39665.818
39666.074
39666.342
39666.353
39666.437
39666.518
39666.658
39666.720
39666.725
39666.750
39666.798
39666.822
39667.001
39667.235
39667.292
39667.649
39667.691
39668.048
39668.279
39668.632
39669.117
39669.230
39669.315
39669.606
39669.860
39669.938
39669.989
39669.992
39670.237
39670.324
39670.328
39670.459
39670.895
39671.013
39671.141
39671.315
39671.455
39671.460
39671.680
39671.767
39672.027
39672.475
39672.919
39673.339
39673.340
39673.729
39673.778
39673.919
39674.015
39674.492
39674.508
39674.573
39675.366
39675.559
39675.564
39675.708
39675.718
39675.729
39676.226
39676.449
39676.620
39676.708
39676.841
39676.867
39676.947
39676.968
39676.971
39677.495
39677.749
39678.428
39678.644
39678.666
39678.806
39679.059
39679.247
39679.371
39679.445
39679.692
39680.672
39680.685
39680.712
39680.803
39681.076
39681.088
39681.094
39681.209
39681.249
39681.320
39681.327
39681.506
39681.528
39681.622
39681.662
39681.693
39681.693
39681.766
39681.859
39682.204
39682.341
39682.678
39682.762
39683.009
39683.091
39683.121
39683.160
39683.558
39683.724
39683.761
39683.778
39684.058
39684.219
39684.759
39685.067
39685.410
39685.424
39685.692
39685.741
39685.909
39685.913
39686.095
39686.200
39686.388
39686.685
39686.823
39686.887
39686.987
39687.009
39687.300
39687.360
39687.916
39687.986
39688.032
39688.230
39688.312
39688.429
39689.239
39689.341
39689.485
39689.485
39689.596
39689.757
39689.759
39689.928
39690.070
39690.108
39690.364
39690.536
39690.726
39690.768
39690.916
39690.957
39691.903
39691.941
39691.960
39692.175
39692.176
39692.409
39692.697
39692.784
39692.822
39693.016
39693.127
39693.425
39693.499
39693.552
39693.658
39693.785
39693.799
39693.810
39694.015
39694.213
39694.361
39694.750
39694.874
39694.937
39695.161
39695.472
39695.504
39695.674
39695.747
39695.814
39695.954
39695.972
39696.059
39696.211
39696.285
39696.551
39696.749
39696.936
39696.982
39697.145
39697.439
39697.552
39697.718
39697.868
39697.957
39698.051
39698.123
39698.559
39698.687
39698.932
39699.580
39699.619
39699.774
39699.775
39700.025
39700.179
39700.217
39700.334
39700.549
39700.662
39700.699
39701.001
39701.024
39701.172
39701.264
39701.515
39701.562
39701.565
39701.770
39701.910
39701.947
39702.062
39702.098
39702.229
39702.281
39702.807
39702.965
39703.049
39703.310
39703.960
39704.218
39704.345
39704.408
39704.641
39704.851
39704.989
39705.034
39705.229
39705.286
39705.429
39705.435
39706.085
39706.095
39706.098
39706.435
39706.541
39706.677
39707.159
39707.203
39707.424
39707.970
39708.068
39708.341
39708.386
39708.610
39708.735
39708.953
39709.185
39709.487
39709.565
39709.622
39709.849
39709.905
39709.993
39710.038
39710.421
39710.428
39710.759
39710.825
39710.838
39710.889
39710.911
39710.965
39710.988
39711.494
39711.508
39712.011
39712.111
39712.134
39712.327
39712.732
39712.772
39712.888
39712.993
39712.998
39713.022
39713.189
39713.405
39713.536
39713.537
39714.019
39714.826
39714.889
39714.918
39714.949
39715.125
39715.454
39715.525
39715.586
39715.694
39715.939
39716.010
39716.308
39716.422
39716.432
39716.555
39716.559
39716.580
39716.821
39716.887
39717.232
39717.501
39717.749
39717.840
39717.966
39718.116
39718.273
39718.615
39718.814
39718.841
39718.868
39719.794
39719.847
39719.902
39719.982
39720.692
39720.790
39720.955
39721.565
39721.664
39721.817
39721.825
39721.994
39722.152
39722.259
39722.269
39722.702
39722.808
39723.241
39723.243
39723.375
39723.465
39723.557
39723.571
39723.877
39724.092
39724.283
39724.391
39724.505
39724.523
39724.555
39724.610
39725.016
39725.070
39725.138
39725.156
39725.270
39725.504
39725.543
39725.615
39725.788
39725.858
39726.011
39726.134
39726.405
39726.552
39726.956
39727.112
39727.227
39727.250
39727.262
39727.405
39727.439
39727.650
39727.838
39728.118
39728.139
39728.306
39728.471
39728.659
39728.750
39728.939
39729.106
39729.202
39729.305
39729.765
39729.807
39729.916
39730.023
39730.272
39730.304
39730.353
39730.959
39730.969
39731.146
39731.621
39731.657
39732.359
39732.569
39732.828
39733.336
39733.387
39733.425
39734.070
39734.266
39734.389
39734.671
39734.741
39734.947
39734.963
39735.101
39735.213
39735.561
39735.568
39735.620
39736.165
39736.770
39736.828
39737.033
39737.186
39737.703
39737.824
39737.893
39738.164
39738.253
39738.617
39738.729
39739.123
39739.142
39739.553
39739.903
39739.944
39740.096
39740.613
39740.727
39740.845
39741.132
39741.245
39741.573
39742.650
39742.763
39743.020
39743.116
39743.156
39743.388
39743.551
39743.584
39743.793
39743.904
39744.102
39744.208
39744.430
39744.526
39744.796
39744.941
39745.371
39745.401
39745.653
39746.287
39746.432
39746.574
39746.605
39746.725
39746.958
39747.014
39747.227
39747.392
39747.783
39748.155
39749.052
39749.272
39749.330
39749.404
39750.273
39750.358
39750.556
39750.840
39750.990
39751.173
39751.186
39751.485
39751.702
39751.747
39752.216
39752.230
39752.343
39752.415
39752.672
39753.515
39753.639
39753.774
39753.957
39753.987
39753.991
39754.033
39754.048
39755.015
39755.195
39755.294
39755.597
39755.633
39755.815
39756.141
39756.179
39756.382
39756.629
39756.996
39757.086
39757.201
39757.267
39757.581
39757.936
39758.007
39758.023
39758.078
39758.164
39758.254
39758.329
39758.335
39758.519
39758.677
39759.106
39759.268
39759.346
39759.548
39759.613
39759.850
39760.042
39760.159
39760.386
39760.414
39760.432
39760.977
39761.179
39761.774
39761.916
39761.944
39762.071
39762.283
39762.620
39763.243
39763.355
39763.503
39763.657
39764.036
39764.070
39764.326
39764.576
39765.049
39765.327
39765.675
39765.760
39765.798
39765.854
39766.098
39766.436
39766.822
39766.853
39766.882
39767.068
39767.080
39767.161
39767.231
39767.650
39767.707
39767.772
39768.035
39768.037
39768.264
39768.293
39768.327
39768.500
39768.655
39768.679
39768.797
39768.802
39768.941
39769.250
39769.329
39769.388
39769.621
39769.664
39769.819
39769.962
39770.274
39770.289
39770.599
39770.644
39770.659
39770.805
39770.848
39770.896
39771.247
39771.343
39771.458
39771.536
39772.107
39772.150
39772.289
39772.314
39772.561
39772.603
39772.938
39773.096
39773.100
39773.697
39773.849
39773.959
39774.113
39774.131
39774.294
39774.650
39774.789
39774.837
39774.925
39775.002
39775.154
39775.211
39775.302
39775.526
39775.606
39775.697
39776.156
39776.235
39776.804
39776.863
39776.995
39777.325
39777.511
39777.514
39777.697
39778.153
39778.224
39778.579
39778.903
39778.922
39779.512
39779.663
39779.682
39780.306
39780.411
39780.466
39780.588
39780.968
39781.231
39781.332
39781.366
39781.541
39782.033
39782.171
39782.280
39782.333
39782.347
39782.549
39782.757
39783.071
39783.166
39783.318
39783.339
39783.394
39783.455
39783.616
39783.637
39783.700
39783.773
39784.015
39784.036
39784.720
39784.757
39784.851
39785.077
39785.254
39785.269
39785.471
39785.546
39785.660
39785.933
39786.099
39786.216
39786.676
39787.331
39787.373
39787.430
39787.528
39787.753
39788.200
39788.283
39788.360
39788.441
39788.454
39788.462
39788.887
39789.328
39789.982
39790.301
39790.338
39790.922
39790.969
39791.081
39791.238
39791.239
39791.306
39791.597
39791.636
39791.754
39791.808
39792.062
39792.284
39792.410
39792.497
39792.839
39792.949
39793.110
39793.608
39793.622
39793.629
39793.755
39793.798
39793.904
39794.484
39794.660
39794.804
39795.118
39795.148
39795.321
39795.326
39795.546
39795.788
39796.013
39796.017
39796.080
39796.161
39796.411
39796.467
39796.602
39796.948
39797.137
39797.632
39797.674
39797.848
39797.854
39797.974
39798.101
39798.384
39798.540
39798.557
39798.732
39798.833
39799.009
39799.345
39799.456
39799.593
39799.671
39799.776
39800.296
39800.600
39801.020
39801.138
39801.262
39801.447
39801.981
39802.025
39802.265
39802.417
39802.492
39802.763
39802.884
39802.963
39803.036
39803.367
39803.384
39803.465
39803.856
39804.002
39804.062
39804.131
39804.437
39804.540
39804.545
39804.917
39805.250
39805.489
39805.889
39805.925
39806.195
39806.412
39806.610
39807.034
39807.036
39807.118
39807.128
39807.352
39807.357
39807.650
39807.672
39808.138
39808.272
39808.383
39808.511
39808.795
39809.165
39809.401
39809.941
39809.956
39810.020
39810.066
39810.280
39810.353
39810.572
39810.863
39810.928
39811.036
39811.122
39811.518
39811.567
39811.666
39811.744
39811.783
39811.910
39812.124
39812.327
39812.520
39812.642
39812.652
39812.938
39812.942
39813.133
39813.202
39813.252
39813.268
39813.941
39813.979
39814.018
39814.366
39814.577
39814.621
39814.731
39815.145
39815.307
39815.377
39815.623
39815.731
39815.775
39815.872
39816.003
39816.256
39816.264
39816.387
39816.473
39816.593
39816.810
39817.080
39817.450
39817.468
39817.480
39817.532
39818.112
39818.444
39818.472
39818.736
39818.954
39819.316
39819.398
39819.473
39819.717
39819.825
39820.111
39820.333
39820.684
39820.806
39820.840
39821.090
39821.287
39821.492
39822.188
39822.710
39822.720
39822.774
39822.782
39822.896
39822.938
39823.266
39823.494
39823.501
39823.582
39823.656
39824.031
39824.054
39824.345
39824.892
39824.970
39825.019
39825.157
39825.440
39825.482
39825.671
39825.930
39826.035
39826.116
39826.234
39826.294
39826.683
39826.894
39826.898
39826.923
39827.075
39827.095
39827.162
39827.496
39827.565
39827.993
39828.854
39828.962
39829.010
39829.217
39829.500
39829.517
39829.638
39829.697
39829.890
39830.138
39830.147
39830.246
39830.347
39830.511
39830.689
39830.866
39830.885
39831.065
39831.422
39831.435
39831.623
39831.824
39832.289
39832.416
39832.474
39832.576
39832.741
39832.837
39832.975
39833.176
39833.245
39833.426
39833.543
39833.592
39833.761
39834.147
39834.308
39834.426
39834.607
39834.643
39834.672
39834.772
39834.920
39835.179
39835.179
39835.568
39835.666
39835.929
39836.269
39836.485
39836.728
39837.108
39837.248
39837.380
39837.457
39837.690
39837.718
39837.967
39838.048
39838.306
39838.338
39838.408
39838.623
39838.905
39838.985
39839.091
39839.351
39839.367
39839.668
39839.689
39839.742
39839.768
39839.962
39839.963
39840.402
39840.647
39840.692
39840.732
39841.217
39841.319
39841.428
39841.554
39841.695
39841.835
39842.091
39842.185
39842.207
39842.289
39842.585
39842.683
39842.759
41034.312
42590.395
54004.258
58116.783
61379.134
66584.876
66990.398
68927.393
71832.462
77435.484
79499.954
79499.994
79500.512
79500.686
79500.882
79500.965
79500.968
79501.050
79502.346
79502.527
79502.678
79502.733
79502.803
79502.924
79503.324
79503.774
79503.779
79503.910
79503.948
79503.950
79504.190
79504.302
79504.374
79504.381
79504.399
79504.689
79504.827
79504.850
79504.975
79505.917
79506.237
79506.426
79506.460
79506.847
79507.161
79507.320
79507.338
79507.408
79507.767
79507.825
79507.835
79507.880
79507.942
79508.068
79508.210
79508.273
79508.629
79508.704
79508.884
79509.154
79509.451
79509.648
79509.650
79509.670
79509.692
79509.825
79509.990
79510.266
79510.394
79510.591
79511.145
79511.813
79511.948
79511.970
79512.183
79512.233
79512.443
79512.443
79512.537
79512.584
79512.587
79512.693
79512.704
79513.309
79513.497
79513.624
79513.650
79513.700
79513.758
79513.768
79513.770
79514.184
79514.235
79514.319
79514.415
79515.169
79515.618
79515.943
79515.959
79516.359
79516.442
79516.510
79516.613
79516.649
79516.678
79516.727
79517.257
79517.506
79517.777
79517.854
79518.083
79518.106
79518.243
79518.471
79518.799
79519.123
79519.253
79519.271
79519.368
79519.642
79519.816
79520.301
79520.544
79521.309
79521.339
79521.657
79522.216
79522.216
79523.064
79523.109
79523.252
79523.391
79523.413
79523.443
79523.577
79523.811
79523.911
79523.972
79524.212
79524.798
79525.088
79525.373
79525.660
79525.762
79526.106
79526.144
79526.344
79526.532
79526.600
79526.679
79526.952
79526.985
79527.079
79527.105
79527.153
79527.247
79527.492
79527.668
79527.679
79527.776
79527.932
79528.003
79528.064
79528.473
79528.929
79528.944
79529.037
79529.450
79529.480
79529.752
79530.214
79530.356
79530.540
79530.580
79530.629
79530.687
79530.852
79530.937
79531.159
79531.377
79531.862
79532.181
79532.212
79532.378
79532.471
79533.081
79533.268
79533.520
79533.653
79533.715
79533.765
79534.189
79534.498
79534.612
79535.408
79535.444
79535.659
79535.687
79535.845
79535.891
79536.227
79536.646
79537.097
79537.620
79537.778
79537.853
79537.931
79537.950
79538.391
79538.538
79538.705
79538.973
79539.070
79539.205
79539.461
79539.474
79539.508
79539.680
79539.817
79540.019
79540.068
79540.359
79540.363
79540.579
79540.883
79540.944
79540.948
79541.143
79541.226
79541.594
79541.641
79541.898
79541.904
79541.967
79542.237
79542.451
79542.942
79542.995
79543.038
79543.065
79543.101
79543.121
79543.269
79543.363
79543.438
79543.592
79543.838
79543.874
79544.190
79544.342
79544.593
79544.665
79544.773
79544.925
79545.022
79545.065
79545.172
79545.362
79545.631
79545.727
79545.784
79545.848
79545.928
79546.101
79546.391
79546.711
79546.876
79547.041
79547.090
79547.141
79547.235
79547.419
79547.675
79547.760
79547.790
79548.022
79548.616
79548.747
79548.838
79549.051
79549.177
79549.491
79549.518
79549.612
79549.665
79550.304
79550.526
79550.620
79550.934
79551.113
79551.148
79551.180
79551.257
79551.458
79551.600
79552.214
79552.250
79552.353
79552.769
79553.229
79553.277
79553.726
79554.226
79554.589
79555.106
79555.234
79555.298
79555.568
79555.626
79555.695
79555.733
79555.844
79556.071
79556.169
79556.458
79556.477
79556.948
79557.283
79557.294
79557.407
79557.580
79557.581
79557.684
79557.842
79558.245
79558.346
79558.367
79558.610
79558.953
79559.213
79559.282
79559.508
79559.633
79559.657
79559.661
79559.792
79559.797
79559.984
79560.183
79560.320
79560.439
79560.478
79560.871
79561.037
79561.054
79561.395
79561.441
79561.467
79561.507
79561.633
79562.485
79562.560
79562.648
79562.673
79562.733
79562.894
79563.206
79563.221
79563.549
79563.578
79563.699
79563.815
79563.928
79564.087
79564.127
79564.209
79564.240
79564.316
79564.453
79564.796
79565.001
79565.028
79565.814
79566.034
79566.206
79566.254
79566.587
79566.650
79566.899
79567.026
79567.050
79567.555
79567.775
79567.775
79568.060
79568.118
79568.228
79568.596
79568.877
79568.878
79569.344
79569.354
79569.496
79569.522
79569.543
79569.648
79569.752
79569.845
79569.848
79569.901
79570.112
79570.142
79570.551
79570.696
79570.833
79570.998
79571.052
79571.096
79571.151
79571.206
79571.317
79571.376
79571.507
79571.776
79571.820
79571.832
79572.214
79572.428
79572.845
79573.003
79573.134
79573.288
79573.319
79573.762
79573.900
79574.020
79574.116
79574.412
79574.412
79574.624
79575.005
79575.168
79575.326
79575.491
79575.757
79575.985
79576.021
79576.519
79576.717
79576.805
79576.871
79576.872
79577.109
79577.141
79577.203
79577.580
79577.649
79577.710
79577.811
79577.925
79578.011
79578.115
79578.223
79578.528
79578.735
79578.803
79578.945
79578.985
79579.104
79579.158
79579.329
79579.355
79579.437
79579.451
79579.786
79579.993
79580.022
79580.395
79580.988
79581.068
79581.284
79581.527
79581.688
79581.744
79581.759
79582.000
79582.046
79582.655
79582.736
79582.933
79583.378
79583.640
79583.709
79584.617
79584.736
79584.911
79585.084
79585.138
79585.146
79585.225
79585.245
79585.360
79585.549
79585.733
79585.735
79585.835
79585.856
79585.912
79585.930
79586.431
79586.556
79586.615
79586.695
79586.827
79586.915
79587.317
79587.412
79587.578
79587.582
79587.932
79587.956
79588.073
79588.480
79588.514
79589.138
79589.191
79589.259
79589.401
79589.457
79589.674
79589.953
79589.977
79590.128
79590.240
79590.432
79590.585
79590.797
79591.291
79591.689
79591.888
79591.982
79592.058
79592.478
79592.744
79593.000
79593.085
79593.434
79593.468
79593.667
79593.753
79593.798
79594.054
79594.390
79594.555
79594.567
79594.703
79594.734
79594.839
79594.959
79594.990
79595.085
79595.358
79595.605
79595.816
79595.988
79596.013
79596.116
79596.197
79596.531
79596.608
79596.642
79597.279
79597.391
79597.477
79597.744
79598.222
79599.181
79599.225
79599.785
79599.786
79599.832
79599.841
79600.275
79600.643
79600.706
79600.751
79600.792
79600.854
79600.907
79601.257
79601.823
79601.990
79601.991
79602.042
79602.151
79602.345
79602.459
79602.884
79603.031
79603.230
79603.712
79603.952
79604.838
79604.838
79604.933
79605.114
79605.162
79605.385
79605.463
79605.899
79605.900
79606.035
79606.074
79606.248
79606.580
79606.657
79606.707
79606.714
79606.757
79606.758
79607.304
79607.649
79607.693
79607.706
79607.811
79607.847
79607.851
79608.073
79608.267
79608.313
79608.363
79608.440
79608.703
79608.796
79608.929
79608.996
79609.178
79609.213
79609.245
79609.438
79609.521
79609.818
79610.048
79610.125
79610.249
79610.572
79611.224
79611.227
79611.682
79611.902
79612.139
79612.152
79612.601
79612.634
79612.827
79612.918
79613.040
79613.278
79613.529
79613.585
79613.986
79614.131
79614.160
79614.535
79614.952
79615.193
79615.265
79615.877
79615.916
79616.106
79616.131
79616.382
79616.448
79616.553
79616.741
79616.767
79617.272
79617.292
79617.358
79617.762
79617.872
79618.466
79618.759
79618.798
79619.027
79619.554
79619.640
79619.769
79620.100
79620.143
79620.413
79620.573
79620.681
79620.781
79620.863
79620.875
79621.064
79621.077
79621.207
79621.292
79621.300
79621.542
79621.597
79621.732
79621.968
79622.005
79622.233
79622.334
79622.646
79622.688
79623.055
79623.592
79623.803
79624.489
79624.532
79624.656
79624.893
79624.903
79625.030
79625.152
79625.200
79625.236
79625.382
79625.522
79625.523
79625.966
79626.338
79626.511
79626.664
79626.741
79626.859
79626.939
79627.018
79627.216
79627.443
79627.491
79627.653
79627.793
79627.797
79628.041
79628.088
79628.163
79628.403
79628.409
79628.410
79628.443
79628.541
79629.049
79629.477
79629.669
79629.789
79630.159
79630.465
79630.746
79630.944
79631.099
79631.269
79631.275
79631.327
79631.345
79631.429
79631.530
79631.588
79631.667
79632.003
79632.008
79632.211
79632.268
79632.334
79632.434
79632.455
79632.530
79632.579
79632.605
79632.712
79632.941
79633.187
79633.236
79633.491
79633.658
79633.845
79634.382
79634.604
79635.294
79635.488
79635.513
79635.723
79635.856
79635.903
79636.131
79636.277
79636.834
79637.485
79637.541
79637.555
79637.964
79638.068
79638.132
79638.200
79638.912
79639.135
79639.300
79639.473
79639.768
79639.866
79639.872
79639.918
79640.234
79640.331
79640.405
79640.493
79640.816
79640.897
79640.946
79641.153
79641.273
79641.360
79641.424
79641.492
79641.703
79641.778
79641.789
79641.843
79642.268
79642.438
79642.779
79642.981
79643.095
79643.143
79643.254
79643.432
79643.624
79643.647
79643.785
79643.880
79644.080
79644.329
79644.703
79644.718
79644.740
79644.780
79644.848
79644.875
79644.892
79645.065
79645.234
79645.896
79646.084
79646.100
79646.102
79646.330
79646.508
79647.558
79647.730
79648.016
79648.079
79648.087
79648.176
79648.205
79648.373
79648.899
79649.375
79649.422
79649.550
79649.677
79649.708
79649.779
79650.067
79650.091
79650.195
79650.535
79650.811
79650.818
79650.860
79651.079
79651.085
79651.174
79651.601
79651.649
79651.736
79651.870
79651.950
79652.041
79652.407
79652.504
79652.610
79652.864
79653.145
79653.251
79653.264
79653.290
79653.340
79653.360
79653.730
79653.972
79654.256
79654.315
79654.714
79654.743
79655.182
79655.381
79655.456
79655.546
79655.642
79655.947
79656.332
79656.525
79656.527
79656.583
79656.673
79656.791
79656.831
79656.837
79656.978
79657.190
79657.675
79657.725
79657.766
79657.880
79658.258
79658.452
79658.710
79659.126
79659.190
79659.278
79659.375
79659.592
79660.041
79660.218
79660.449
79661.892
79661.959
79662.173
79662.254
79662.263
79662.324
79662.326
79662.426
79662.507
79662.683
79663.071
79663.494
79663.542
79663.562
79663.728
79663.824
79663.918
79663.921
79664.081
79664.263
79664.263
79664.268
79664.392
79664.498
79664.509
79664.529
79664.688
79665.082
79665.529
79665.616
79665.773
79665.784
79665.794
79665.875
79665.962
79666.052
79666.137
79666.205
79666.314
79666.361
79666.550
79666.747
79667.107
79667.404
79667.588
79667.762
79667.900
79667.981
79668.004
79668.066
79668.462
79668.584
79668.976
79669.239
79669.250
79669.338
79669.360
79669.373
79669.596
79669.748
79670.018
79670.188
79670.204
79670.450
79670.478
79670.512
79670.664
79671.049
79671.355
79671.389
79671.591
79671.700
79671.985
79672.135
79672.584
79672.741
79672.875
79672.923
79673.078
79673.088
79673.509
79674.329
79674.416
79674.708
79674.729
79674.827
79675.197
79675.232
79675.275
79675.470
79675.567
79675.665
79676.111
79676.380
79676.406
79676.449
79676.781
79677.030
79677.163
79677.197
79677.210
79677.246
79677.408
79677.581
79677.846
79678.072
79678.155
79678.219
79678.325
79678.519
79678.615
79678.718
79678.786
79678.919
79679.018
79679.052
79679.076
79679.541
79679.619
79679.636
79679.815
79679.825
79679.991
79680.072
79680.112
79680.185
79680.481
79680.741
79681.259
79681.289
79681.380
79681.518
79681.825
79682.839
79683.155
79683.441
79683.575
79683.600
79683.782
79684.119
79684.345
79684.369
79684.371
79684.422
79684.815
79684.887
79685.082
79685.083
79685.180
79685.324
79685.782
79685.877
79685.936
79686.006
79686.019
79686.089
79686.104
79686.141
79686.264
79686.374
79686.429
79686.435
79686.532
79686.879
79686.899
79687.015
79687.072
79687.436
79687.514
79687.538
79687.632
79687.720
79687.816
79687.947
79687.955
79688.072
79688.104
79688.423
79688.452
79689.304
79689.586
79689.654
79689.696
79689.851
79690.075
79690.275
79690.364
79690.474
79690.730
79690.752
79690.827
79691.016
79691.097
79691.209
79691.265
79691.286
79691.342
79691.376
79691.437
79691.572
79691.780
79692.108
79692.229
79692.365
79692.460
79692.542
79692.688
79692.713
79692.875
79692.993
79693.146
79693.489
79693.672
79693.919
79693.939
79694.009
79694.081
79694.209
79694.354
79694.479
79694.674
79694.988
79695.087
79695.101
79695.402
79695.537
79696.287
79696.386
79696.911
79696.961
79697.010
79697.195
79697.482
79697.633
79697.845
79697.984
79698.023
79698.055
79698.445
79698.491
79698.779
79698.906
79698.919
79698.997
79699.152
79699.239
79699.374
79699.479
79699.560
79699.571
79699.896
79700.139
79700.234
79700.303
79700.462
79700.808
79700.993
79701.146
79701.248
79701.275
79701.305
79701.508
79701.558
79701.574
79701.759
79702.069
79702.398
79702.538
79702.865
79702.908
79703.276
79703.656
79703.706
79704.021
79704.328
79704.621
79704.872
79704.909
79704.949
79705.128
79705.406
79705.507
79705.663
79705.679
79705.755
79705.776
79705.948
79706.095
79706.523
79706.651
79706.827
79706.979
79707.368
79707.768
79707.787
79707.868
79707.988
79708.018
79708.070
79708.136
79708.149
79709.441
79709.448
79709.624
79710.029
79710.127
79710.158
79710.159
79710.475
79710.547
79710.738
79711.045
79711.193
79711.751
79711.919
79711.962
79712.354
79712.539
79712.755
79712.796
79713.122
79713.368
79713.432
79713.433
79713.946
79713.987
79714.001
79714.236
79714.250
79714.380
79714.657
79714.683
79715.144
79715.322
79715.461
79715.671
79715.889
79716.077
79716.150
79716.506
79716.743
79716.835
79716.999
79717.172
79717.217
79717.287
79717.531
79717.601
79717.613
79717.932
79718.265
79718.541
79718.678
79718.879
79719.055
79719.150
79719.213
79719.348
79719.393
79719.565
79719.604
79719.881
79720.112
79720.304
79720.466
79720.560
79720.629
79720.697
79720.757
79720.857
79721.292
79721.381
79721.387
79721.536
79721.762
79722.001
79722.670
79722.816
79723.043
79723.512
79723.641
79723.807
79723.856
79723.860
79723.956
79724.323
79724.392
79725.102
79725.126
79725.175
79725.377
79725.430
79725.693
79725.831
79725.898
79726.160
79726.292
79726.439
79726.834
79726.892
79726.896
79727.385
79727.435
79727.706
79727.935
79727.938
79727.980
79728.015
79728.034
79728.056
79728.168
79728.290
79728.377
79728.463
79728.639
79728.781
79728.908
79729.153
79729.231
79729.316
79729.318
79729.629
79729.739
79729.958
79729.975
79730.050
79730.857
79730.965
79731.131
79731.409
79731.448
79731.464
79731.944
79732.012
79732.103
79732.297
79732.361
79732.775
79732.817
79732.927
79733.390
79733.478
79733.667
79733.670
79733.730
79733.777
79734.129
79734.172
79735.315
79735.425
79735.491
79735.796
79735.946
79735.973
79736.151
79736.405
79736.813
79736.887
79736.998
79737.282
79737.572
79737.579
79737.981
79738.371
79738.453
79738.594
79738.732
79738.738
79738.767
79738.780
79739.436
79739.908
79739.960
79740.103
79740.126
79740.227
79740.393
79740.494
79740.771
79741.153
79741.182
79741.301
79741.348
79741.685
79741.769
79741.924
79742.160
79742.596
79742.644
79742.676
79742.721
79742.747
79742.831
79743.002
79743.197
79743.288
79743.331
79743.529
79743.533
79743.590
79743.766
79743.853
79743.887
79743.993
79744.280
79744.461
79744.500
79744.528
79744.571
79744.606
79744.795
79744.950
79744.979
79745.177
79745.258
79745.353
79745.617
79746.252
79746.374
79746.529
79746.536
79746.825
79746.993
79746.996
79747.220
79747.269
79747.327
79747.586
79747.777
79747.845
79748.271
79748.463
79748.621
79748.782
79748.852
79748.878
79749.325
79749.575
79749.744
79749.793
79750.059
79750.114
79750.234
79750.317
79750.376
79750.643
79750.681
79750.811
79750.970
79751.464
79751.578
79751.701
79751.885
79752.066
79752.533
79752.708
79752.762
79752.852
79753.233
79753.265
79753.369
79753.464
79753.474
79753.626
79753.725
79754.076
79754.205
79754.380
79754.656
79754.743
79754.776
79754.837
79755.216
79755.233
79755.270
79755.547
79755.559
79755.850
79755.937
79756.178
79756.512
79756.535
79756.715
79756.744
79756.928
79757.150
79757.162
79757.251
79757.455
79757.517
79757.725
79757.786
79757.835
79758.236
79758.249
79758.566
79758.687
79758.768
79758.776
79758.816
79758.868
79758.902
79759.042
79759.131
79759.234
79759.317
79759.668
79759.825
79759.835
79759.913
79760.601
79760.693
79760.935
79760.989
79761.259
79761.773
79762.091
79762.187
79762.367
79762.373
79762.704
79762.709
79762.802
79763.078
79763.205
79763.450
79763.490
79763.741
79764.036
79764.443
79764.484
79764.542
79765.144
79765.169
79765.186
79765.216
79765.585
79765.658
79765.664
79765.675
79765.785
79766.064
79766.070
79766.095
79766.381
79766.423
79766.697
79767.527
79767.589
79767.916
79768.019
79768.065
79768.239
79768.336
79768.768
79768.894
79768.902
79769.101
79769.115
79769.298
79769.731
79769.781
79769.831
79770.292
79770.518
79771.286
79771.492
79771.632
79771.702
79771.839
79771.981
79772.014
79772.281
79772.839
79773.140
79773.162
79773.256
79773.301
79773.643
79773.841
79773.922
79773.980
79774.030
79774.348
79774.967
79775.384
79775.419
79775.741
79775.826
79776.096
79776.183
79776.423
79776.516
79776.551
79776.558
79776.749
79776.851
79776.903
79777.254
79777.390
79777.466
79777.556
79777.776
79777.957
79778.274
79778.383
79778.480
79779.375
79779.413
79779.420
79779.429
79779.546
79779.768
79779.824
79779.935
79780.035
79780.163
79780.195
79780.285
79780.308
79780.440
79780.611
79780.838
79781.892
79782.093
79782.175
79783.028
79783.088
79783.514
79783.724
79783.885
79784.288
79784.310
79784.570
79784.809
79784.858
79785.091
79785.280
79785.359
79785.443
79785.577
79785.759
79785.772
79785.777
79785.777
79785.956
79786.033
79786.325
79786.509
79786.607
79786.638
79786.657
79786.758
79786.889
79786.912
79787.208
79787.419
79787.472
79787.686
79787.793
79787.896
79787.947
79788.044
79788.125
79788.622
79789.038
79789.048
79789.145
79789.174
79789.182
79789.272
79789.750
79790.026
79790.105
79790.306
79790.328
79790.337
79790.441
79790.540
79790.946
79791.312
79791.594
79791.645
79791.814
79792.372
79792.409
79792.548
79792.732
79792.844
79792.950
79792.991
79793.391
79793.427
79793.791
79793.831
79793.905
79793.923
79794.181
79794.323
79794.516
79795.103
79795.425
79795.614
79795.741
79796.197
79796.328
79796.760
79796.930
79797.127
79797.145
79797.381
79797.474
79797.484
79797.790
79797.885
79797.927
79798.185
79798.314
79798.378
79798.480
79799.046
79799.054
79799.148
79799.214
79799.376
79799.557
79799.592
79800.000
79800.447
79800.561
79800.578
79800.793
79801.360
79801.648
79801.656
79801.865
79802.194
79802.296
79802.313
79802.612
79802.744
79803.170
79803.261
79803.415
79803.759
79804.221
79804.308
79804.829
79805.243
79805.331
79805.388
79805.533
79805.687
79805.747
79805.776
79805.883
79805.990
79806.236
79806.426
79806.668
79806.679
79806.740
79806.888
79807.272
79807.867
79808.022
79808.028
79808.403
79808.474
79808.690
79808.828
79809.295
79809.533
79809.854
79809.891
79810.433
79810.743
79811.163
79811.251
79811.388
79811.550
79812.094
79812.123
79812.163
79812.351
79812.533
79812.565
79812.714
79813.074
79813.222
79813.265
79813.335
79813.342
79813.375
79813.547
79813.548
79813.790
79813.949
79814.510
79814.577
79814.768
79814.820
79814.863
79814.923
79814.990
79815.029
79815.258
79815.458
79816.127
79816.334
79816.730
79816.776
79817.068
79817.117
79817.395
79817.465
79817.591
79817.655
79817.657
79817.658
79817.843
79818.197
79818.370
79818.692
79818.792
79818.823
79819.039
79819.359
79819.526
79819.538
79819.675
79819.836
79819.856
79820.363
79820.485
79820.820
79820.873
79820.895
79820.914
79820.919
79820.958
79821.003
79821.033
79821.198
79821.471
79821.472
79821.480
79821.613
79821.653
79821.683
79821.854
79822.110
79822.283
79822.427
79822.906
79823.760
79824.095
79824.207
79824.399
79824.551
79824.697
79824.742
79824.752
79824.762
79824.908
79824.941
79825.025
79825.277
79825.338
79825.773
79825.841
79825.905
79825.936
79826.004
79826.124
79826.170
79826.234
79826.259
79826.268
79826.282
79826.612
79826.774
79826.796
79826.852
79827.066
79827.193
79827.406
79827.666
79827.687
79828.180
79828.311
79828.536
79828.598
79828.665
79828.731
79829.160
79829.614
79829.666
79829.812
79829.841
79829.868
79829.963
79829.989
79830.292
79830.320
79830.484
79830.525
79830.952
79830.995
79831.140
79831.163
79831.296
79831.553
79831.853
79831.926
79832.210
79832.333
79832.393
79832.516
79833.107
79833.298
79833.332
79833.412
79834.123
79834.177
79834.337
79834.408
79834.466
79834.809
79834.871
79834.938
79834.996
79835.073
79835.230
79835.286
79835.286
79835.424
79835.433
79835.437
79835.450
79835.899
79835.980
79836.048
79836.327
79836.339
79836.644
79836.811
79837.125
79837.145
79837.282
79837.471
79837.571
79837.894
79837.919
79838.041
79838.168
79838.498
79838.776
79838.826
79838.998
79839.074
79839.217
79839.616
79839.742
79839.852
79839.890
79840.157
79840.270
79840.271
79840.585
79840.595
79840.756
79840.805
79841.261
79841.340
79841.409
79841.517
79841.663
79841.671
79841.822
79842.270
79842.334
79842.566
79842.616
79842.636
79842.688
79843.063
79843.146
79843.243
79843.294
81319.225
82836.261
94021.823
95731.844
103975.895
113372.466
118131.411
120153.593
121202.185
122632.900
122853.704
130449.411
131415.566
133907.507
136414.037
140515.609
141039.264
143201.383
146204.095
148787.535
149105.448
150489.172
151947.883
151979.825
153002.166
153007.257
153840.710
159608.379
165687.262
170439.205
